8010907069
8010951337
8010966529
8055474633
8087317297
8180816539
8261964188
8275105785
8329676611
8329758490
8379049368
8379948106
8446375472
8530597159
8530960407
8554895055
8600102341
8605399606
8625854995
8669595198
8767279513
8767435158
8767484914
8767549078
8767618394
8767765121
8767914118
8767935524
8788031173
8788058109
8788245910
8830391103
8847709571
8855900546
8956169223
8999782361
9021019101
9021541048
9022654940
9075232517
9112180013
9112959406
9130893362
9145149787
9145253758
9156873792
9156976369
9175422051
9175827127
9284269236
9284512622
9284897867
9302900209
9307580971
9322458697
9325336932
6006722489
6200599182
6239322642
6239963614
6300305118
6303508757
6303739598
=============================================
6305860060
6362101104
6379220930
