6392032126
6394945840
6398365744
7020375641
7036161079
7036990356
7038234443
7057886565
7058047843
7058957966
7075392905
7075530204
7200071232
7217457400
7219536189
7259145327
7264915894
7307562254
7337573346
7378331138
7386783928
7396846083
7398576451
7420893290
7498034811
7498602727
7499434664
7499673055
7558658740
7559182654
7569588359
7601099908
7619113851
7619686882
7620677785
7666294629
7666884748
7676165514
7676207859
7688961733
7702258773
7702694185
7735803250
7768009043
7780555134
7816054353
7875224229
7889432262
7892836141
7903766935
7977312314
7989389834
7995064131
7995430477
7995948466
8010387242
8050484452
8050847120
8080931401
8087165160
8087294029
8088581388
8149996746
8185044122
8194081975
8253063607
8264390507
8275256472
8292257903
8010945174
8177904810
8180860455
8208172896
8237343529
8237990740
8308145753
8308411546
8308935769
8329482067
8378891123
8390480953
8390947058
8407928275
8446062574
8446174256
8483944305
8484904021
8552062279
8554934166
8623009083
8624032681
8624975759
8668973432
8669908400
8767134726
8767660431
8767978089
8788059926
8855937064
8856924505
8956638549
8975959665
8983547710
8999688913
9021725358
9021870737
9028829840
9112284484
9112318072
9112846744
9156035234
9156908711
9307312486
9309826531
9322367476
9322643776
9322798088
9325929904
9356797650
9359180620
9359850536
9370134884
9370153103
9370283763
9370288461
9370525906
9371024323
9422177830
9503485647
9503921717
9503974795
9518333972
9527607168
9545507337
9561130538
9579187234
9579332303
9588472213
9637601255
9637903033
9665242598
9665612039
9689225720
9699128948
9764381863
9766591675
9766598284
9822340104
9822536654
9823209539
9823508666
9823837161
9834806942
9834923266
9890889056
9921623484
9922519150
9923065213
9923527378
9923713025
9923990104
9975506000
9975746316
7888172529
8010378930
7020181389
7058816029
7066308823
7249807616
7264817255
7276167466
7020299741
7057110347
7057943074
7350138278
7350463610
7387632822
7447863623
7498737850
7499036347
7499073458
7499565558
7620036920
7620394965
7666031653
7666922965
7709959842
7741853878
7755953216
7767076872
7767089173
7887677824
8010201191
8626015473
7796845077
7447296254
8956639754
7709069957
7058099464
8408907551
8623076957
9359422589
7218166862
7218446600
7276519459
8177988349
8669832821
9011476198
9112463370
9156364116
9175777939
9322017465
9322985319
9373773948
9527510882
9527947478
9527980866
9623653321
9764756558
9765452198
9766790867
9767125432
8605607758
9028490754
8668698729
9370631118
8626097990
7248979563
7448172700
7666831067
7775950087
8055801629
8262013468
8263003048
8317234467
8767052982
8888766955
9021643752
9057010549
9158534472
9307211564
9307993065
9322512604
9372369249
9607741258
9689643028
9834378539
9561026518
9699546672
9370873158
9403745013
9359120104
9570381172
8767336309
9921529586
7385093845
9096761965
8010544360
7743880377
8793873920
7558438455
8421715190
9607464241
9112220605
8237849046
7420068129
9423934110
7588766737
9225239116
9172307797
8830694541
9028368367
7768808036
7666846581
9373629993
9730602866
7499614914
7378426580
7058946440
7758938356
9403943352
9764751573
7498779621
9322920711
7666766549
9384679103
9420304318
7821082905
9284969308
9322326017
9356611451
9121647020
9890016940
9302032278
8983492963
9096657306
9356478581
9403681425
9860892299
7058338861