9028508171
9511203539
8446877506
7507156712
9604086789
9975344430
7709579582
7709579582
8421020494
7709086983
7066671751
8390829259
7775921928
8379997614
8421883825
9545467448
8698043953
7045600033
8793160179
9970338108
8208670190
8552855062
9921513870
7385538349
7058086349
8805713314
8329320717
9156730755
7218785093
9730751104
8600627479
8482954271
9527110396
8411909868
8180979411
8180979411
9145516188
8149827849
9511295832
8007671733
8857057972
7058231520
8308680938
8329700795
8788112189
8806199965
7741949050
9595634128
9960544932
9960544932
9960544932
9960544932
7387688736
8626023296
9158414996
8983723868
8669087031
8237281179
7798416751
9156908347
9359038674
7028377714
7517673688
9850864697
9049865218
7709545964
9503494339
8830763225
7385553056
7249552388
9765549316
9623752644
7972445542
7697145742
7447387851
9175924731
9404735070
7720906779
8484970514
9503509412
7030187959
7083666315
7620614453
9373173043
8624973953
8806431113
7001927834
8805094603
7038225877
7058232826
7058232826
7058653742
9527321233
9370283648
9545482394
7709400641
9595610561
8805515197
9545884496
9075929162
8999766165
7709101322
7507156712
8999403003
8484853745
7798081079
7410593129
9890183817
9325229545
8550930132
9326904106
7744936139
8805944438
8698205139
9730780003
7058317661
9527264044
9156990374
7974257980
9146679676
7038735357
8788232694
7798195165
7798195165
7620552182
9038643769
8130881308
9561246517
8054251816
7247544742
7030520393
7767087050
8380868093
7030431826
9028637523
8600111569
9075250850
9673060992
9322537927
7770021112
7387085074
9834817395
8459634728
7028810695
2067325555
9960249805
9689598715
7249092443
8806059673
8007229284
9146746225
9359377609
8766409413
7745089152
9607706090
9975323719
8975435613
9011402731
7040575202
8308651245
9156907649
7887355288
9284112094
8806054999
9313808308
8669336555
7038738353
8390938210
7559105333
9322758386
7773948965
8069484764
9634566129
8446697178
9637706090
9730774128
9910563708
7887447550
8080172824
8317208195
9373560246
7821881814
8600010310
7057294307
7620274333
6355811803
7028872937
7028872937
7385208192
7249841245
8390286935
8265000816
7847945333
8830694333
7814617472
8237956190
8766566640
8007012605
8855919452
9322231581
7559108655
8999495081
7507156754
8007808062
9834468449
9156405243
8446627848
7218224523
9527846111
8668783952
9850292080
8806180962
8308237513
9372407358
7262057944
9284203320
8600746508
7517527201
9130136013
9765040377
8668775882
7517790307
8605088494
8446993551
9518777946
8857819957
9112892103
8530091520
8999704809
7389919029
8208882608
8999685094
7709371600
9825791978
7559258660
7709867548
7030437012
9503780339
9327975061
9015135135
9763255824
8605125441
8421939313
9518346945
9561172787
7122779099
7507000465
8766717506
8208418629
9637197065
9623735064
9922560181
8657253141
7768869946
8668445588
9096462136
7385680792
7385680792
7709440303
9822999355
9307526503
9145387848
9145387848
9325763327
9746683335
8446021077
7122420225
7122420225
7888128262
7378794647
9545754372
7796772785
9922571140
8983106804
7620650855
7397886626
7796142987
9890635168
8308090946
9557639929
7276223916
9370402550
9067228670
9921641953
7999884981
7743902122
9510738137
9638666602
6358956685
9922451648
8975854436
9158486921
8275555356
7218386726
7028617089
9372229103
9665705865
8421932778
9175946586
7385126593
9284651346
9764668103
7709400854
7774939940
9370902829
8975920226
9975350299
9975350299
9325848042
8847743563
8999883774
8605651889
9993241022
9822735722
9307639800
9307639800
9146335470
8956446832
7083394428
7122566766
7805050344
7488449714
8806372536
8040974095
9049138789
9371462836
9921690339
8605520825
8446574495
9699534054
9359751884
7249759513
9552184738
7798846705
9607636485
9561344613
8484927484
9119511400
7888296916
8421383995
9370547182
7559434884
9579741885
9637309838
9970834639
8180999244
7083590338
7083590338
9545438513
8572822124
7498221568
8208513780
8668501937
8668501937
9307357426
7666653866
8308583454
7798722012
8600334547
8390429410
7447546462
8770600877
9552879778
9146606497
7972383928
8237332429
9461981046
9699180893
9699969575
8421470662
8329317810
9503578752
9579485535
7038057406
7058427112
7083206058
9075132154
8999880488
9673067036
8668783952
9860301736
9352192501
8530495440
9130149466
9131216328
7219684182
7219684182
9373129244
7391947996
9096018200
7385773845
8975464105
9370460294
7038769268
7387305486
7058324784
9561690610
7447485103
9021372045
9975635705
9975474154
7709175942
7709175942
7798128853
9834931210
8411066006
7378525696
8240487970
9021325066
9922915163
8482910948
9823752288
9579377294
8600913520
9691213463
9131397424
KapilUikey
8149793877
8888527495
9271203244
9518932672
7972351205
7498004582
9304270733
9156907967
7218757102
9730090997
9325654322
8605949999
8605949999
8446146619
9637294640
8408877572
8408877572
7020922754
7767999343
8390766891
9970411984
7276135251
8698970109
7020595744
8329834909
7620221576
7721882848
9021284362
8600249186
9284280271
7058487749
7058487749
7720067927
8709886839
8600407474
9834203945
9923717793
7575000284
7575000284
9765609185
8624948855
9718756600
7507366616
9372998334
9637283992
7972281156
8055083791
9313807460
9881709648
7887889500
9021641299
9021641299
8855959803
8308928454
9730725249
7447260155
9112233471
9112233472
7972222632
9765777296
9511256749
8855011639
9673936655
8767704936
8087306855
9175933870
9175933870
8421753200
9422439802
9823077456
7972505181
8208433646
7447324816
9423729541
7058991889
7008200675
9834191734
7030993058
7030993058
8329980134
9860796405
9890913586
7397835754
7419209569
9322612922
9970922563
7066423798
9021174751
8788359560
9765174548
9022492257
8061799600
8698901408
8459888728
8626086197
8275745385
8275745385
9561433981
9561741700
9285151477
8766699690
9923653672
8823860476
7887717804
9021581178
9096641467
9665082859
9665082859
8806974595
9028539857
7758801684
7972200428
7020526385
9579115510
7498314829
7385751450
8766748051
7841886378
7028037845
9765548463
7020503992
8770495891
7249523255
8888825011
9545632621
9823141036
8263811994
7219033728
9860587543
9823576793
9730732717
8554082782
7030675689
9730379675
9765904999
9689975708
8956760446
7028846738
7028846738
7972613763
9284954448
7057530086
7057530086
9767048042
8766738340
9370837443
9637436080
6396285680
8830630524
9767972400
7447250485
7387647604
9767355587
8788387163
7447250485
8237727710
9699071383
9860805268
8329168792
7387313676
9011641272
8390153632
7397834736
7397834736
7030196947
8625953073
7507782888
7507782888
9405766009
6265351712
9960471177
9370867211
8698405249
9373140199
9022842074
9975993056
7620394965
9552630115
7768948097
9112198498
8237367736
9763540247
9373843691
8308886942
9890096063
9373277432
9529047364
8269732899
8600902354
9359304406
8767956831
9112840524
9370765665
8888328146
7741975766
8600050759
8237942726
9307934581
7741972516
8669506281
8767458761
7218663269
8080924189
9834285371
8767257916
9665883406
9307803972
9096391041
7218177591
9545932391
9822718136
7517316329
9371947210
7058157893
7517386673
7066222518
8421532591
9921097476
7744914551
9325696571
9960846624
9022670655
7666998448
7499126063
7620370008
9146812295
8080952929
9307602882
9604075181
9309584090
8275986751
9860805785
9112396530
8007895491
8847766519
8530155955
8237448673
9579361897
7218229971
7840938914
9307557210
8767963156
8600536183
7219633797
8007770081
8010145657
9579075132
9049280125
8668544078
7350190072
9579485535
7262811128
9156953171
8999167449
9359772886
7304787873
9699035574
7058503830
7559124723
8766894851
9665281134
9370960732
9657696302
7387912351
7378737003
7972028075
9689344741
7058707854
7796133075
9146166940
9665260508
8007666763
9096829699
9730650557
9322164507
9022271717
8446866458
8446168909
9766787636
7666814205
9370769317
9503256903
8862010563
8767219168
7721840045
8788905124
7378417773
9322011684
7498285694
8624095624
8766473896
7028507064
9823401538
9284208269
7887677836
7620589481
7580993309
7559158819
8237114009
9156861288
9373342988
9356950891
9011801360
9011801360
7720016329
7387034818
9764876769
8799891732
7058924425
7499697710
7249841085
7888194256
8767063286
9307738879
9579039778
7218826250
7385369033
7218219159
7410511603
7218486492
9529007982
9767860916
9145093953
9503534958
8805906923
7529085696
9325833848
7057670743
9689104900
7620291751
8856860144
7558449079
9823903836
8329171269
9860591620
8766545518
7666319534
7038524660
7385320778
8010347740
8459659306
9325722689
8329482025
7744956247
9960658947
8552989205
8669877981
7058033948
8446285499
9112990097
7378489015
9284264880
7020443482
8806080084
8459243642
9370643328
9371470935
7796592207
9923462976
9156179726
7448135044
7666383365
7498830741
9022152904
7709861203
9359623719
7972212594
8468882691
9373149264
9022611894
9322803991
8767631784
8975824194
9423684226
9322635720
8055770285
9370510783
9665756456
8805248813
9322556931
9022508227
9022508227
9022901148
9527781865
9056466703
9623252397
7768841645
9156907931
9270259114
9112771348
7843061775
7744011964
9022956741
9326172294
9764496190
9158973092
7378485418
7620271634
9764970541
9730429695
7507747526
7507747526
9359117831
9359117831
8668414136
9890246277
8459549609
9225239116
9823965593
8767309327
8007651901
7447387289
7499184297
7448010340
9766979684
7397920974
7397920974
8793507569
7666068940
8007377476
7798553612
8830846900
7798281175
9011697411
7755953944
9309180162
8468949298
9689426184
8815703230
9699352162
9561454028
7385369945
9689376782
8390084322
7843013292
8421998902
8766534523
7709067418
7083668124
7083668124
9370738111
9822698093
7350793967
9172953818
9763124563
7030723223
7083884906
7378659687
7887964257
7218048656
9422823694
7020882256
9075036320
9049138789
8080865934
9021141686
7796380790
9579050625
9834312298
9579208628
7709591881
7249748398
7249451917
9637445574
8888333526
9175747193
9960686184
9960686184
9158030126
9135721680
7397828539
9579427932
9518944314
9767699827
7410191481
7030617114
9209620289
8390579282
9309164401
8600593297
9579400187
7218016276
9322620513
9503573447
7218016276
9545576334
8767595673
7875747798
8605532337
9764788808
8007835759
9175131661
9423603655
9767804098
9890809255
9763076941
8856945343
9309995401
7522975308
7709175942
8669278432
7038895903
9096288166
6397079023
8261884603
7387941389
9588467013
8999610496
9765367473
8551000345
8788312435
7385081917
9561697288
8237620176
7249116238
9370805346
7507299837
RahulSingh
8421334766
7709540749
8055878885
7058489787
9960085581
9763116030
7057653517
9325467403
9422801560
9373768405
9579117160
9767345622
8055803433
8698084159
8793522285
7385037652
7378700148
7507492674
9172802312
7775926539
8999750451
9765609185
9423402487
9890364522
9921286740
9767391673
7798373591
8623968887
8551023666
9561095388
9975474154
8815910588
9975510247
8379939144
8975703266
7798739826
9769271369
RaviLabPME
7776079583
7030085479
7219302090
9834374716
9370837435
9370837439
7397920297
7397920297
7948220588
9527813215
9112771348
9730860779
8888763850
7083960279
7066388426
9834502924
8826972232
8806117544
9561452862
8483952862
8446757022
7218797146
9075979205
9561436857
9579848929
9890381543
7249552543
8120261401
7397855742
9960898298
8208803455
9309769897
9970505910
8625862481
9309211355
8080259705
7249456430
9156905688
7875015052
8208444739
8999152775
9021859914
7083006047
7083006047
8446230017
8806277704
8626075227
8827899753
8698392009
9545342567
9890334657
9766916973
9518331061
7387429236
9359101500
9359101509
9607435564
8308833243
8767350569
7755957631
9022886772
7758098589
8930700700
8623814047
8793666374
7028856929
7448208491
9096802372
7822016767
8180997886
9595116099
9175690000
8888727127
9022071589
8177955232
8177955232
9730437557
8010732800
7720999793
7083666135
9960286516
9075449514
9049419758
8421235623
9834127152
7887934397
9112094697
9309831859
7385537739
9028111344
7385313899
7385313899
9617589524
9962677721
8855884544
8149798012
8668534971
9049743479
7083954844
9067511698
9356476053
9356476053
7122283953
9823434109
9907882204
9021171480
8669531423
7385504588
7264059467
9673926449
9921549325
8390850755
8390850755
7385625052
7385625052
9860139394
9561722513
8999413191
9889529119
7775950181
9022690226
7126137333
9146039585
8459584692
8275810777
9766840122
9689767784
8208883056
9689622232
8208883056
7058419033
9182058654
9146730901
9834506675
8975995394
7028298967
7028298967
9473444021
7509944786
8007918215
8007918214
9284674602
8888553988
7620070333
7767948977
8482819452
7083665001
8626072583
9284035966
7897152741
9370835689
9561298188
9767370815
7218314530
7219199930
9604977864
8308371877
9860508483
7887356342
9765041611
9689817319
8605724708
7028844585
7709655585
7385694660
9730971819
8956733648
8767779003
7276912230
9373663088
9373663088
8010253346
7507287734
8010253346
8888285667
7972756104
8149080256
9172322795
8956388315
7620962339
7028342614
8600989090
8080980206
9764337124
8329615121
7385165105
8180868267
7887631879
7666414611
8766084121
9167727131
9916599954
8698064201
9904134448
9049969275
9049969275
9767467117
9767467117
9075485019
8237331956
9168066902
7028871841
7385862811
8805224026
8657720532
9049669760
9960286516
9766136481
8400948863
7507991560
8421974159
9021893316
7020429798
9322215401
8624915133
8308157050
8308157050
9172241469
7558388599
7775893302
7775893302
9326902095
9923872095
9860220598
9373326684
9373326384
8421839015
8208321956
9529094675
9325959266
9322877923
7385457928
9765274595
9022358549
9850878871
8149295021
8149295021
8459028011
8806724960
9424916608
9975288998
7385958916
7709609018
9370360566
9763276560
9163464073
7020595297
9156136309
7385864194
9172217186
8459501768
8329070441
7218095251
9158733902
7030955755
8208421744
7448206943
9011319966
7058981668
7499415735
9767022480
7218376265
8149641119
9022659601
7558743033
7558743033
7104660764
7057171317
7385993956
8830382014
9689277306
7821066890
9145672473
9823182503
7499866157
9359370874
9359370874
9834308088
9322183036
8421688569
8698615572
8767107303
7709236149
8379911061
9021503317
9021503317
8855939331
7385668215
8295201611
7385109925
7385187616
7385187616
7755975929
9370837457
9561023525
9156679072
9767911162
7038574857
8551085064
9175222600
9529508802
9511990381
9011267982
9075131750
9970685957
7276188698
8308204090
9527103446
7058631391
7768964832
9309328921
7774835153
8830675286
9322945196
9890840618
7385349321
9322427523
8888403202
9156837643
9404351400
9359062912
9545436618
7385634971
8975823451
9561211967
8208935692
7020486705
9579581179
8176541001
9175545457
9205695211
7841041368
7887683418
7879230511
9175570797
7020470093
8177934979
9823434326
9860220527
9309124060
9158330888
9637179620
7558627233
9503421836
7741016616
8484990037
8999800566
9082132542
9730629054
7709459993
9309711568
9309711568
8329810375
9503592095
8328839059
8329681222
9021196900
9096144717
8623986890
8779826982
8483812168
9146029222
8208552251
9545641917
7020829422
8623085317
7276193972
8793652780
8660639268
8168951830
8329123468
9028228502
9028228502
9325652642
9172326163
8208746160
8888263083
7066490227
9175081907
7385618195
7218259811
7020227588
7387235840
9130811628
8788797448
9075704239
7030400301
8888527495
8087099497
8087099497
7058387602
8793278102
7083746523
8625061390
8485866197
7262902078
7721824020
8888382878
9623431905
9604126941
8421108875
9881903348
9881903348
8600996194
7249725782
9130457485
9689432584
8308880482
9011644665
8237717032
7219078449
8698084159
9130506451
8983726352
8983726352
8459268266
7448022162
8412919429
7218448150
9766249782
8080094696
7756829484
7218371703
9172647704
7743869083
7798036067
7276633450
7887762118
9158665561

7972218924
7498088759
7743856490
7841009594
7522964047
7741056974
7057815107
8390418913
9623735064
9527963515
9822750953
9284920562
8657499928
8308090946
7517258275
9096256487
8806724960
9545641917
9503826179
9588455280
8767712248
9890695315
7020905351
9657873352
8379870770
9766774239
8421383995
9960662404
8483034761
9075714654
8421975199
8412913219
9049166276
9665062234
9764535795
7709735948
7507157858
7218314530
7264087465
8208948229
7020227644
7218314530
7517924584
7775967184
9022976637
7781043237
8830028424
9325608564
7058384278
7249863505
8793263078
7558399145
9049743479
9423684623
9309163418
9503169625
9834421057
7721834123
9423684623
9309163418
7522911421
8390431907
9067355658
9156906850
9022274740
9359445227
7021269387
9860634431
8379806491
9156537346
9850451606
9011893256
9503728939
8308897991
9834502924
9518726163
9623421416
7410517102
9158788969
9146746225
7743918929
7058317661
7709393462
7038572673
9156758125
9503196698
7558569350
9370793787
7498397195
7350113460
8983140701
7447349894
8669531423
9284153216
9021227698
7498937922
8329681222
9730860779
7721099577
8975356638
9764645069
7218855680
9370443019
9172312689
8788299544
8999893711
9130129741
7776056365
7517853244
7887575649
7020894388
9767699827
8421000128
8669278432
9623670784
9307055074
7875269821
9067285705
9309170692
9373909669
9665399565
8625018578
9022208950
9359377609
7264802894
9370738111
9834239895
9422102627
8421974527
8208418629
8378851094
8446403787
8669432430
9552359491
8087778270
8421999828
7499382022
7887964257
8806458835
7249698463
7972396212
7058598069
9579988103
9823311315
9322824129
8856817303
7397920284
9975777419
7756916040
7058064190
9370152582
7385208936
9067167848
9923354629
8805859703
8805859703
9834237606
7385795262
9145193945
9767280068
7447872489
9766917516
8329146903
7768846208
7588169379
9527900816
7249340741
8421145740
7447843368
9156906252
9823872565
7709745510
9158968439
9096256487
9309964684
9765210660
7507515016
9552948910
9146861923
7756959633
7058125961
7249807616
7385103653
9284322865
8552023158
9403774607
7350702965
8308783687
8378873695
9370614051
9156156381
9067939058
9067939058
8788206358
7218711763
9403737102
7249886960
8989579839
8624087712
8600664186
8208326043
9324583600
8411062770
9527753169
9764386731
9975895906
9158403056
7385150988
8459829877
8805171906
9156888149
9156888149
8007547496
8855028138
9637214991
7559434884
7264094338
9637655398
9145259016
8446237379
9604954820
9130768341
9021546799
9503097249
9049835886
7020319408
8381027907
9689422655
8625908160
9021884663
8605924359
8010223528
9325028947
7767043472
7249535798
9359663179
8975472057
8806516315
9765611158
8855801712
7387328659
8623897326
7385153943
8483917459
7620129892
8855028138
9423401620
9325028947
9422828178
8788046177
7057434642
7219592816
9284280368
9527477416
8446417037
8007467976
9730376966
9049865418
9370427211
9284801269
7058992887
7385544207
7038770149
7447325819
9975071702
9049087568
9370260832
7276190955
7758096807
8830586264
7798629428
9850847331
8856080568
8668808987
8080187815
7499244021
9075442351
7058296322
8381027907
7499304506
9607828423
7058489787
9975342313
9022376510
7218518410
8308363419
9699566766
7020894388
7262032274
9021880225
8381027907
8855847468
9011526195
9359751884
9665399565
9521774535
7588717527
9370867211
8975643860
8605331168
9665899569
7066680352
8446225327
8806126278
7798966843
9307043655
8530429366
7499537204
8975708220
7757804127
8080753808
7276367379
9545825778
8999027853
9579400187
7798390860
9860558412
7620182560
7385188059
7796423060
7249882337
9881099263
8421000128
9529263627
7875010633
9156729915
8805136344
8551861543
9527079290
9689403462
9860967791
8180839136
9049131867
8552978017
9172679534
8180863884
9359484460
9518528463
8329317810
9284363572
9834737351
9075262751
7385140468
9923020419
7218314530
9373498152
9049504237
8411051362
7823882235
9075734346
7972944873
8379067854
7558640424
9673592508
9909526755
8856087208
8856087208
8446158676
8421470662
7387430194
9359324719
8698494089
7385057625
8381094775
7758039034
7028587428
9309800125
8698890104
8767350569
9730899825
7397932825
8459550740
9075480794
7972855248
9823993797
9960370759
9172322795
8080531947
9730829746
9834245207
9637179620
7666239545
9067792145
7507644994
8390350149
7507644994
7350463480
7821066890
9370343226
9359015997
9665469740
9370385546
8208521746
7776056365
9822215401
9922663932
7218016276
9975451306
8177925968
7620936642
8080076328
9370770375
8767705966
8275745385
9049834156
8308583454
8983227589
8411037261
7028617089
8806724960
8999178499
7387515371
8483034795
7499998751
7841074058
7414917108
7888296916
7249434899
7517715204
9823371850
9545613495
8421046926
7276210071
9637728339
9322231581
7620612890
9579070183
9156837643
8180863406
9766026453
9175771824
9307615202
7276114515
8432036682
7887749495
7264944247
9373954418
9359103150
9545502328
7385609931
8999773268
8788206358
9168987840
7058859551
7972240211
8378902539
9370875192
7387430275
8080042390
9579070183
7620685987
7666952812
8999301885
9284912974
7387844718
7517511226
7559401835
9049136368
9309560386
9890246277
9890216814
7020626933
8975761165
7620754505
8830868034
9579930351
7758953056
7972737807
9834312298
7517517656
9503571762
9322148079
7385033880
9112951789
7385749747
9130055547
8010775904
8805094603
8080369366
7887866522
7498405897
9595497959
8855099252
8080258759
9923140126
7499184361
9130355048
9890130647
8381015770
9067976202
8698404424
9011697411
9604463228
8806512068
8208135692
9175271946
7620790550
8177969137
8208181697
7666287384
7767086072
9075405314
7498190321
9309168200
9284203320
7385357068
8263914185
9130186403
9049087568
7219576987
7666497165
9665076177
9021116177
7620941228
7385044185
9689395096
7350638965
8855081719
9850847331
7887355288
9075485019
8485866967
9766196900
9322669351
9146679676
9766617739
8080460388
7559349935
7385628602
6204753262
8999806970
9503409547
8007583808
8482893360
7972200917
9156238747
7387647604
9373449903
7507957550
9527103446
9527106821
8805793574
9823037483
8482802504
855404150
8830950864
8657963060
8788910212
9834753883
8605694543
7028733917
9284476595
9579463683
7218788403
9673021471
9405918468
8552914064
7517990547
9561246517
9518914669
9766940698
7499602717
8149526671
8308772790
9284356686
7559462882
9834077238
9172622336
7499901795
9405676485
8600499678
9371245936
7744015571
9579468754
9322238309
7820981533
7498607708
7620084607
9049504237
7821097415
9075179451
8856925831
8550982717
8459532642
9763516822
8668976483
7666246514
9325908526
9307815997
9579562522
7620783660
9689383041
8407942875
7767959127
9699451438
9322215401
7264905087
7758967154
9673436152
7745882210
7058992887
7972133077
7743885990
7385907138
7517823607
7757034022
9763248962
8669014503
7350470689
9561023525
7972429660
9765878971
9529263627
7767079863
7249386719
9307327455
8286661054
8788759860
7057294307
9359629875
8999586423
9022075428
9146029222
9888172922
9561050467
9689367432
9175031402
9156035640
8605801733
9156572038
7385114931
8149176609
7840916581
9325047907
9021859914
7057626674
9370018761
9699071383
8669853046
8805585938
7709189855
7559373721
7709419166
9730414403
7414900118
8855948023
8767600369
8483898869
7448261889
8999866062
7709459993
7499931649
8625823837
7887959683
9096337245
8087990523
7218493623
7028733123
8149176614
8421575412
8855913649
9049804860
8975465735
8459048537
7507069259
7249856378
8390681502
7066391801
8788513649
8482910948
8855939331
7249456430
9156684899
9699937673
9359374079
9970441837
7264944247
8999301885
8698405110
7028494839
9028294660
8669549195
7796189840
9823841311
9011569782
8055214108
9503486342
8208521746
8435641079
9370329857
9370861274
7378663082
7385646945
9860613786
9284912974
8668360452
9657733367
8010809365
8412928056
8550911842
9130156844
9309365401
7410586874
9834872930
9373018509
9022457192
7758058361
7038463877
9370324242
7517301507
8381027907
7020829422
8551820031
7517486812
7030103564
8830011703
8177969137
8421026892
9119583699
8999958285
8766867791
8830835686
8180998520
9373262935
9763516822
8482827601
9359369631
9307942300
7350819240
8669594760
9096118149
9637929689
8237909646
9975993503
9028333484
8308092110
7709597528
7057244101
7841898214
9322748962
7620542247
7559373903
8055565160
7721916794
8007102754
9511894497
8956969375
8788451327
9011063641
7083109258
8766479424
9322877923
7767074332
9067511698
9067511698
7276135251
9960469094
7387844718
8623869263
8010295430
9370867211
7058489787
9284984175
7588169379
9359251255
9689792728
9657383537
9561511627
7559374043
8623067496
8767705966
8180865229
7030748857
8656639754
8999240394
9766775815
7768845094
9112304075
9322528770
8605318987
7820927418
7264927900
7559481416
8625000923
7558586335
9373673590
7350581469
7385280508
9322382035
9168088953
8983412701
7620522460
8446203818
9209220121
8010112458
9022541211
9356437260
9322937470
7083160738
7709240957
9146610281
7020761086
8180865745
7385532705
9119468427
7219199930
7385773580
9307757394
9322643776
8767781779
8767372913
9923456915
8010378930
9970671368
9970305409
7972674716
9359877982
7498754712
9420408160
7888204265
7517301507
8308090946
8329317810
9156905210
7020340575
8766934483
9588458987
7972730913
9049965922
9049965922
8668427748
7666180571
8308145753
7798550807
8010945174
8421028135
7410050953
9975221683
9158788969
8180904935
7391941694
9146275173
9765641372
9146610281
7218455679
9850885341
9422828178
9373344286
9975738115
7709743603
7276167466
9579634345
9970868452
7020181389
7517064650
7385060871
9022527413
8793263078
7276193972
9689783943
9552678844
9730379675
9604734364
9145784066
9373885814
7507630794
8329386059
8055930443
8767413685
9890856784
9049258171
9890612508
9822821099
7820890695
9921895138
8626026987
9823848054
9423565311
9764713767
9823524615
9518730147
8624966115
7058818317
7774918317
8975264518
8208853990
9156494924
7058398292
7558243685
9765950737
8308488242
9175484619
9822821099
9689040858
7796466937
9764713767
8767514798
8329278453
8329278453
9156290644
8411080176
9373699032
9022273212
9096383434
8767336748
9890222668
9834197469
9607874162
8007842261
9307209319
9359458434
7798739273
9860394983
7875498203
8055401962
9370807906
7972613763
7666325175
9834116271
8624057341
8999838926
9922915163
9527607168
9527607168
9403691552
9322483150
8459273282
8390657914
8624976072
7972925403
9607872248
7387604017
9607193085
7276175365
9172953818
9075865567
9049504237
7219200152
8263950055
9623277414
9175639935
8550988789
9518932672
8624071205
9860435516
9623638833
9975737462
9975737462
9411751547
8379038068
8149290091
9022548233
9370376574
7972668799
7499131035
7378801674
7620824699
7420919755
8261071606
8605303105
9860968691
7083124471
9529320717
8080485677
8262838616
7517473393
9422938750
9326333443
8080954069
9822938830
7498281401
7499376067
8080168827
8275430837
8857901410
9022256429
9119492183
9326836013
9370355311
9579226826
9970092887
6006722489
6200599182
6239322642
6239963614
6300305118
6303508757
6303739598
6305860060
6362101104
6379220930
6392032126
6394945840
6398365744
7020375641
7036161079
7036990356
7038234443
7057886565
7058047843
7058957966
7075392905
7075530204
7200071232
7217457400
7219536189
7259145327
7264915894
7307562254
7337573346
7378331138
7386783928
7396846083
7398576451
7420893290
7498034811
7498602727
7499434664
7499673055
7558658740
7559182654
7569588359
7601099908
7619113851
7619686882
7620677785
7666294629
7666884748
7676165514
7676207859
7688961733
7702258773
7702694185
7735803250
7768009043
7780555134
7816054353
7875224229
7889432262
7892836141
7903766935
7977312314
7989389834
7995064131
7995430477
7995948466
8010387242
8050484452
8050847120
8080931401
8087165160
8087294029
8088581388
8149996746
8185044122
8194081975
8253063607
8264390507
8275256472
8292257903
9699546672
9370873158
9403745013
9359120104
9570381172
8767336309
9921529586
7385093845
9096761965
8010544360
7743880377
8793873920
7558438455
8421715190
9607464241
9112220605
8237849046
7420068129
9423934110
7588766737
9225239116
9172307797
8830694541
9028368367
7768808036
7666846581
9373629993
9730602866
7499614914
7378426580
7058946440
7758938356
9403943352
9764751573
7498779621
9322920711
7666766549
9384679103
9420304318
7821082905
9284969308
9322326017
9356611451
9121647020
9890016940
9302032278
8983492963
9096657306
9356478581
9403681425
9860892299
7058338861
7248979563
7448172700
7666831067
7775950087
8055801629
8262013468
8263003048
8317234467
8767052982
8888766955
9021643752
9057010549
9158534472
9307211564
9307993065
9322512604
9372369249
9607741258
9689643028
9834378539
7020181389
7020299741
7057110347
7057943074
7058816029
7066308823
7249807616
7264817255
7276167466
7350138278
7350463610
7387632822
7498737850
7499036347
7499073458
7499565558
7620036920
7620394965
7666031653
7666922965
7709959842
7741853878
7755953216
7767076872
7767089173
7887677824
7888172529
8010201191
8010378930
8010945174
8177904810
8180860455
8208172896
8237343529
8237990740
8308145753
8308411546
8308935769
8329482067
8378891123
8390480953
8390947058
8407928275
8446062574
8446174256
8483944305
8484904021
8552062279
8554934166
8623009083
8624032681
8624975759
8668973432
8669908400
8767134726
8767660431
8767978089
8788059926
8855937064
8856924505
8956638549
8975959665
8983547710
8999688913
9021725358
9021870737
9028829840
9112284484
9112318072
9112846744
9156035234
9156908711
9307312486
9309826531
9322367476
9322643776
9322798088
9325929904
9356797650
9359180620
9359850536
9370134884
9370153103
9370283763
9370288461
9370525906
9371024323
9422177830
9503485647
9503921717
9503974795
9518333972
9527607168
9545507337
9545575942
9561130538
9579187234
9579332303
9588472213
9637601255
9637903033
9665242598
9665612039
9689225720
9699128948
9764381863
9766591675
9766598284
9822340104
9822536654
9823209539
9823508666
9823837161
9834806942
9834923266
9890889056
9921623484
9922519150
9923065213
9923527378
9923713025
9923990104
9975506000
9975746316
7755907262
8767669206
8767275149
7775800561
8530778433
9370301679
9595034388
9970093571
7020444322
7030730670
7038609520
7058756570
7058933157
7219259020
7249637434
7249895144
7350956809
7378312504
7385473157
7385532705
7389812507
7397842243
7447613185
7447844189
7498102109
7498511875
7507439390
7507548014
7507999271
7517090406
7517431162
7517793675
7558244609
7697250831
7709403806
7721802706
7743868159
7745827736
7757871925
7758058514
7796874176
7875173847
7887934824
7888241794
7972085380
7972190515
7972613061
8007116244
8010866758
8010907069
8010951337
8010966529
8055474633
8087317297
8180816539
8261964188
8275105785
8329676611
8329758490
8379049368
8379948106
8446375472
8530597159
8530960407
8554895055
8600102341
8605399606
8625854995
8669595198
8767279513
8767435158
8767484914
8767549078
8767618394
8767765121
8767914118
8767935524
8788031173
8788058109
8788245910
8830391103
8847709571
8855900546
8956169223
8999782361
9021019101
9021541048
9022654940
9075232517
9112180013
9112959406
9130893362
9145149787
9145253758
9156873792
9156976369
9175422051
9175827127
9284269236
9284512622
9284897867
9302900209
9307580971
9322458697
9325336932
9657777456
9325296264
7350392139
7470934347
7028318740
9699877417
9370665784
8767287105
9699154886
8237943078
9834936267
9665894293
9665053466
9359040953
8308330801
7666623571
9022353346
9356399176
9011056259
7218293985
8767093320
9022123172
8080946005
8080122182
9022009474
9322169657
7057530377
7756881805
9527538676
8390226485
8767558054
9356957418
7499965136
9356626160
9021895510
9284888671
8767060053
7498711373
8766801667
7620407357
9307489625
9588419280
9172080007
9146630915
7498934547
9423260377
7385680792
9156411322
9356063563
9423811893
9766376251
7249620996
9699722601
9403601193
9145777923
9860321398
9529850206
9309310894
9921964644
9175986112
7020198669
9359555184
9049644908
9022543316
9356318870
8149240125
7843038911
7499767412
8999207318
7821808947
9356957418
9922277553
9359052129
8380945579
6302833154
9356829315
8010847991
9552778437
9404088117
9021933936
7030001042
7058548510
8600073906
7028373062
7709553810
9022746514
8767993086
8080237326
7709065192
7498765517
8657304112
7709869270
9356858076
9322375481
9172512104
9823868354
9022734703
8237943078
7020161324
7262887773
7058548510
7499767412
8080946005
7470934347
9325296264
9021933936
9021895510
7350392139
9156411322
9960036782
9588642353
7756881805
9356626160
9307489625
9699154886
9011056259
9529850206
7666623571
9359040953
9860321398
8657304112
9356318870
9527538676
7843945555
7498711373
9921964644
7666455366
7028318740
8390226485
9022353346
7821808947
8767558054
7758992012
9146375066
9665053466
9561795142
9022009474
8767287105
9922277553
9588419280
7709553810
8766801667
9307984568
7843038911
7385680792
9096517058
7020198669
9356829315
9022123172
9579904057
9823033411
9356399176
8380936591
7219429896
9356858076
9322375481
7498570248
9359555184
9322169657
8999207318
9823868354
9657777456
9423260377
9356063563
7057530377
9404088117
8949122605
7471152868
9284888671
9022734703
9175986112
7499965136
9307712638
6302833154
9665894293
7709065192
7218293985
6305229849
9356957418
9730253022
9356207132
9552778437
8308330801
9172080007
9049644909
9699877417
8149240125
7620407357
8767093320
9309310894
9423811893
9834936267
9146630916
9403601193
7709869270
8767060053
8080122182
9370665784
9172276594
9766376251
8767993086
8208948815
9307467318
9309764220
7048846202
9307218618
7558418897
9359052129
7030001042
9067129673
7498213671
9850706126
7666320582
7083082091
9850671298
7058132695
9511206423
7262890549
7498124978
9975053576
7499015150
7387653745
8208328821
7249339078
7057796010
8793801034
1234567891
8010194286
8137928722
9074281662
6200848399
9061355729
9404945258
9172142195
8329623179
9863603104
8626015473
7796845077
7447296254
8956639754
7709069957
7058099464
8408907551
8623076957
9359422589
7218166862
7218446600
7276519459
8177988349
8669832821
9011476198
9112463370
9156364116
9175777939
9322017465
9322985319
9373773948
9527510882
9527947478
9527980866
9623653321
9764756558
9765452198
9766790867
9767125432
8605607758
9028490754
8668698729
9370631118
8626097990
8010945174
8177904810
8180860455
8208172896
8237343529
8237990740
8308145753
8308411546
8308935769
8329482067
8378891123
8390480953
8390947058
8407928275
8446062574
8446174256
8483944305
8484904021
8552062279
8554934166
8623009083
8624032681
8624975759
8668973432
8669908400
8767134726
8767660431
8767978089
8788059926
8855937064
8856924505
8956638549
8975959665
8983547710
8999688913
9021725358
9021870737
9028829840
9112284484
9112318072
9112846744
9156035234
9156908711
9307312486
9309826531
9322367476
9322643776
9322798088
9325929904
9356797650
9359180620
9359850536
9370134884
9370153103
9370283763
9370288461
9370525906
9371024323
9422177830
9503485647
9503921717
9503974795
9518333972
9527607168
9545507337
9561130538
9579187234
9579332303
9588472213
9637601255
9637903033
9665242598
9665612039
9689225720
9699128948
9764381863
9766591675
9766598284
9822340104
9822536654
9823209539
9823508666
9823837161
9834806942
9834923266
9890889056
9921623484
9922519150
9923065213
9923527378
9923713025
9923990104
9975506000
9975746316
7888172529
8010378930
7020181389
7058816029
7066308823
7249807616
7264817255
7276167466
7020299741
7057110347
7057943074
7350138278
7350463610
7387632822
7447863623
7498737850
7499036347
7499073458
7499565558
7620036920
7620394965
7666031653
7666922965
7709959842
7741853878
7755953216
7767076872
7767089173
7887677824
8010201191
9527319575
7058047675
7744804980
9022858154
9552740516
8446597810
8468872116
8830580836
9850364491
8983410223
7249807614
9022425319
9309035063
9730498665
8208287106
9423858758
9392039202
8600522409
7498590614
9689115784
9699835356
8767021542
7774816201
8169534597
9175243234
9511683092
7972716884
9370684571
7030055965
7558349725
9156696424
9699637939
8149735464
7499597013
8530299117
9309088131
7822841040
9021503605
7385957298
7028559516
9689115784
8329351103
8446597810
7030055965
8767021542
8554001884
8010369855
7835912404
9527319575
7744804964
7972716884
9823743971
9284919227
9921336948
7058047675
9158232638
9021503605
9309035063
7498590613
9022425319
9175739485
9552740516
9156696424
9209338098
8767300552
9370684571
8999964804
7666541499
9096017720
9356238476
9699637939
8669540394
7499597013
9423066915
8275103853
7499705890
9319297977
8983410235
9309088131
8468872116
9022858154
9699835356
8530299117
8767377573
8830580836
9766588534
7385957298
7249807614
9061431541
8600522409
8169534597
9623646362
7219093531
9511683092
7558349725
9175243234
7888280290
9730498665
9423858758
7385211899
7822841040
8149735464
8669020452
8010777176
8810338854
7028559516
7774816201
7499773989
8698122955
7620007986
7666873794
8767669206
9022075428
9359877982
7276114515
9156411322
9022256429
8999964804
7559434884
9121647020
7620542247
8788058109
9112318072
9284363572
8275105785
8421028135
8989579839
7028559516
7758938356
9521774535
8856924505
9527538676
8767336309
8625854995
9822821099
7058818317
7264802894
9158534472
9057010549
7620790550
9579070183
8600664186
9021546799
8855913649
8999773268
8888766955
8624032681
7249719862
8830580836
9156537346
7378312504
9518914669
8600522409
9975895906
9049258171
9370355311
9313808308
9923456915
8208173896
8625018578
7066680352
7058816029
9665062234
7038609520
8308783687
9823508666
8007583808
7755907262
7058489787
8459048537
8805198246
8149996746
9823209539
9423858758
7398576451
9860967791
7840916581
9423260377
8379870770
9356626160
7517301507
9518730147
9322483150
8767978089
9850885341
1234567891
8668360452
9588642353
9766940698
8766479424
8483034761
7887934824
8180954060
8010775904
7058933157
9370260832
9527753169
7248979563
7447872489
9637214991
9860558412
9552740516
7743885990
8446174256
9145259016
9909526755
7619686882
8767914118
9623646362
9823743971
9511206423
9325336932
7075530204
7259145327
9373629993
9307211564
9822536654
8551820031
7385795262
9119492183
7666294629
9359015997
9665076177
9975071702
8468872116
8767052982
7020905351
9657383537
8806516315
7276367379
7385150988
8623067496
8177969137
9890695315
8421145740
9011063641
9096118149
8483944305
9579463683
9356437260
8446597810
8767765121
8177904810
6200848399
9579468754
9373885814
9370665784
8788451327
9921964644
9579562522
7721802706
7666952812
7995430477
9322512604
7972925403
9384679103
7498937922
6303508757
8605331168
9307043655
9503097249
7768845094
9322215401
7387430194
9527963515
7020227644
8625908160
9960469094
7020181389
7385473157
9850364491
9112304075
8767660431
9175771824
8830868034
7780555134
7378663082
7057110347
7666623571
8605924359
8379067854
9021541048
8767712248
9764386731
9156906850
9834378539
8999688913
9699937673
8308583454
9022746514
9145777923
7558640424
8180816539
8605694543
7775950087
7588169379
9527900816
9881099263
7385153943
8855939331
9356611451
9607464241
8087778270
9579988103
9175484619
8669549195
9373909669
8411080176
7249807616
8625823837
8007547496
7774918317
7350063896
8767572972
9370873158
8767060053
9112959406
9307942300
8669540394
9767125432
9156908711
9370738111
9022353346
9529320717
8149176609
8975643860
7888172529
8432036682
7414917108
9665612039
8263003048
8329351103
9322148079
8999240394
9527319575
8237909646
8767549078
9730498665
8698890104
8623009083
7410050953
9307984568
6303739598
6305860060
7385211899
8956169223
8766801667
9022273212
8381027907
7218016276
9359422589
9637655398
7219093531
8421383995
9850451606
7889432262
8956638549
7058099464
9356858076
8624057341
9112463370
7620677785
8329676611
9307218618
8624975759
8261964188
8857060712
9370343226
7977312314
9730860779
9156729915
9579904057
9172312689
8292257903
8055214108
7387604017
8830835686
8208326043
7020340575
8149526671
7775800561
9284203320
9359555184
9699071383
7558586335
8600996670
9922915163
8055474633
8554934166
7721834123
9145784066
9823311315
7396846083
8080485677
9325908526
7843038911
8007116244
7307562254
9370684571
9302900209
9309560386
8390418913
9075865567
8810338854
9172322795
8483034795
8788513649
7758992012
7038234443
9075179451
8010809365
7887959683
9370443019
7385188059
9765878971
7499901795
7219259020
9067976202
9518932672
7620824699
8767935524
6362101104
9579332303
7888241794
9860321398
7498590613
7758953056
8975264518
7276210071
8080237326
9096337245
7507069259
8767705966
7499036347
9579400187
9764713767
7972613763
8180998520
9503409547
9411751547
7498754712
9403737102
7558349725
9503974795
9075480794
9834737351
8407928275
7038463877
7697250831
9074281662
8208172896
9370134884
7498397195
9561511627
8657304112
7666766549
9284476595
9527947478
7057434642
9970671368
7498779621
9890016940
9921529586
9156873792
9130055547
9960370759
7498570248
7276175365
7057796010
9527980866
7499073458
7620129892
8975761165
8999838926
9834872930
9689395096
7796845077
8421999828
7972085380
7057626674
8767279513
9112180013
9665593530
7020829422
7058598069
8482802504
8830586264
7709240957
9146861923
7774816201
7036990356
9067167848
9309088131
8626015473
9699154886
7414900118
7989389834
7498765517
7030103564
9588419280
7709735948
6302833154
9049834156
8767300552
8766867791
8180865745
9764535795
8482827601
7264927900
7601099908
9011697411
9588455280
7892836141
9922663932
7276190955
8308935769
8983410235
7666455366
9067129673
8550988789
6200599182
8623869263
8378873695
8983412701
7743880377
7816054353
7758967154
7499767412
7397842243
7821066890
8055801629
9067285705
9975993503
8999207318
9356478581
9637728339
7218314530
7972668799
7676207859
9011526195
8050847120
9359751884
7798390860
9022527413
7249339078
9146630915
7517486812
7559373903
8482910948
7020444322
8421575412
9356207132
9156888149
7558658740
8605801733
8459829877
9146746225
7350819240
9834116271
7057815107
7249807614
9689643028
9172307797
7709743603
7038572673
7276135251
7558438455
9607193085
8149240125
8010201191
8055930443
9767280068
9545432035
9175639935
7058398292
9322824129
7499705890
7385957298
8459550740
8806724960
7666497165
9823371850
7219576987
7498511875
7385544207
7721099577
8625000923
7038770149
7499537204
7887677824
9921623484
8698405110
9325306279
8856817303
9370324242
9604463228
9922277553
9021643752
8805094603
9921336948
7507957550
7385646945
9730379675
7218855680
9975777419
8263950055
9579187234
7387653745
7030001042
7498190321
7385060871
8669014503
7499931649
9371245936
9175986112
8421715190
9061431541
8329278453
9689383041
7758058514
8983492963
9022457192
9049743479
9322798088
8999301885
9112846744
9146630916
7264817255
9860968691
9356797650
7385140468
8329623179
7841074058
7972240211
8262013468
7058232826
9307467318
7218446600
9370631118
8767435158
9923020419
8237943078
7387647604
8788832663
8208328821
8668427748
7887749495
9370861274
9146029222
8767812843
9022425319
8390657914
8983140701
7498737850
9156364116
7743856490
6006722489
9823033411
7768808036
8264390507
9527607168
8788245910
9049136368
9158968439
8767413685
9370427211
7020761086
8788206358
9307815997
7507630794
9372369249
9373018509
7058384278
9923713025
9284897867
9975221683
8407942875
9370385546
7058296322
8767781779
9834923266
7498034811
6394945840
9423066915
9067511698
9420188222
7083109258
7350470689
7447613185
8308145753
7517473393
9699835356
7058317661
9607872248
7559374043
8390681502
9370288461
8669020452
7767089173
9561246517
8010866758
7875498203
9405676485
9284322865
7057711395
7972200917
7875224229
9322937470
7517793675
9370376574
8308897991
7387844718
7517715204
9404088117
9665399565
8806126278
7972716884
7350463610
9588458987
8788910212
9923140126
9284801269
8999893711
7385907138
7410517102
9168088953
7887575649
9823848054
9172512104
7558569350
8530597159
8484904021
8275103853
8087990523
9689040858
9403681425
9863603104
9359374079
7020225231
7666287384
7755953216
9970093571
9096256487
9119583699
7709869270
7385103653
7020626933
7517064650
9049865418
8983547710
8329758490
7666180571
8855081719
7781043237
7264944247
8623076957
7517090406
7021269387
9545613495
8485866967
8766934483
9823993797
8378891123
7735803250
7757871925
9067939058
9503571762
8605318987
9529263627
9699566766
7507548014
8788299544
8263914185
7447325819
7995948466
8381015770
9307209319
7822841040
7767079863
8975465735
7249856378
7385680792
7028373062
8262838616
9359377609
9422102627
9545641917
7378801674
9021870737
9156494924
7386783928
7499614914
9049965922
8275430837
9325047907
8010941176
9322169657
8554895055
9373773948
9689367432
7028733123
8530299117
7350113460
9420304318
8668976483
9764573237
7337573346
8855847468
8805585938
7676165514
9011056259
8010295430
8459532642
9028333484
8379038068
8408907551
9359052129
7709459993
9359850536
9673021471
7385057625
9420408160
9021933936
8010387242
7276519459
7028733917
8669595198
9359458434
9145253758
7666031653
7058338861
9049644908
9021227698
9067792145
8308772790
7820927418
9370807906
8180839136
7821097415
8435641079
9359369631
8600102341
9146375066
7249886960
8208181697
9322367476
9373673590
9373954418
8317234467
9175739485
7020375641
7387430275
8446062574
9370329857
9503728939
9970868452
8767618394
9730899825
9699546672
8552023158
7020319408
9309800125
9637179620
9422828178
8390350149
8087317297
7507644994
9834502924
9405918468
9175031402
9172080007
9975342313
9561050467
9422177830
9370152582
8378851094
8421974527
9022858154
9158788969
8999586423
9322375481
9822259665
8286661054
7264094338
7262032274
8805171906
8010112458
7559481416
7420068129
7767959127
9823868354
7887355288
8379049368
7020954299
7972396212
9322643776
7820981533
7558243685
7028587428
9172679534
7058859551
8975708220
8253063607
7498281401
9307615202
9156684899
8657963060
7756916040
8856925831
9511894497
8010951337
8329681222
7767043472
7666922965
9657777456
9579634345
9322528770
8308090946
9284888671
9860634431
8010945174
7499602717
9766588534
9172276594
9673592508
7264087465
7620685987
9309365401
7666846581
8329386059
7972855248
8767558054
7498124978
9284969308
7559462882
9765452198
7666873794
9403943352
9373699032
7620936642
8767813471
7058498793
9699128948
9061355729
8208521746
7768846208
8999178499
6204753262
9322877923
7066308823
7057294307
7709069957
9766376251
9172622336
7058125961
8329317810
8446225327
9284919227
9371024323
9225239116
7219592816
7887564133
7758096807
9767699827
7448261889
7447296254
7249698463
9689422655
7385044185
7218455679
9156238747
7499015150
9370614051
7767076872
9356399176
8830694541
7620612890
9730253022
7517990547
7083124471
7666831067
8855937064
7507439390
8668698729
9890246277
9284984175
9096517058
8999806970
9158232638
8411037261
9156290644
9130129741
8446403787
9764381863
9021116177
9730414403
7841009594
8149176614
8552062279
8007701265
9834735230
8856080568
9545575942
9112464363
8767021542
7620941228
7972613061
9607741258
7385033880
9637601255
7721916794
7387632822
7841898214
8080946005
7264915894
7249620996
7709745510
9890889056
7020894388
9834077238
7058992887
8767287105
8767993086
8177988349
9503169625
8010223528
9096761965
7350956809
9356063563
9309163418
9022009474
9307192935
8087165160
9322669351
9309170692
9665469740
9028829840
7776056365
8999027853
7843945555
8208287106
8975356638
9319297977
7588766737
9689225720
8080122182
9022976637
9022541211
7218166862
7378331138
8793873920
9975053576
8788759860
7058946440
7387328659
8669908400
9518333972
9595497959
7972730913
8605607758
9112951789
9545507337
9112220605
7820890695
7745882210
9325296264
9096657306
7666239545
9689783943
9370770375
7498405897
8855099252
9822938830
8208135692
8308330801
9766617739
7702694185
7420919755
7249882337
9403774607
7743868159
7666320582
9403745013
9359103150
9322017465
8087294029
7447843368
9665894293
9503485647
9284280368
8177925968
9156905210
8080187815
9423401620
8669594760
9119468427
9922519150
8805793574
8412928056
8669531423
9021019101
7498711373
9307993065
9356318870
7995064131
8010777176
8600073906
7385093845
8830710501
7385280508
7620783660
7470934347
8669832821
7058756570
7887866522
9011476198
8806458835
9623670784
8605399606
7499376067
7709065192
9822215401
7498607708
8624071205
9359180620
7972218924
7447844189
9307712638
7057530377
9284153216
9130893362
9322985319
9049804860
9518528463
9130355048
9175827127
7448172700
9373344286
9322231581
8805136344
9284009419
7559349935
9022734703
8767372913
9970441837
8669278432
9130768341
7741056974
7058957966
8007467976
8261071606
9325929904
9527477416
8767134726
7709553810
7666325175
7798550807
8668973432
7499304506
7057886565
8208418629
9021895510
9284356686
7756959633
9075485019
8806512068
7744015571
9860613786
8446417037
8007102754
8552914064
7218493623
8551861543
7397920284
9890216814
9766775815
7745827736
7498590614
9158106063
9834237606
6392032126
7835912404
8605303105
9359663179
8378902539
9860892299
9850706126
7057244101
9898975803
9322458697
8185044122
9823841311
9673436152
9356829315
6239963614
9325608564
9022208950
7219536189
9822340104
9326836013
9370525906
8855028138
9561130538
9049087568
9527103446
7498934547
9764756558
9970305409
8308411546
8857819957
7028318740
9156572038
8857901410
7620036920
8698404424
7499244021
9284512622
9518726163
7249895144
7821082905
7798629428
8600499678
7688961733
7498088759
9834197469
8263914097
8669432430
7768009043
8552978017
9302032278
9579226826
7744804964
7058548510
9359445227
7558399145
9588472213
9112284484
9822750953
8983227589
8766823007
7471152868
9156837643
9049644909
9075734346
8554001884
7030055965
8421975199
7499565558
9175271946
9975506000
6379220930
9156035640
9373498152
9834806942
9689115784
8805859703
9322748962
8180865229
9970092887
9860394983
8308092110
7972429660
9699722601
9075405314
9552359491
9834245207
9359324719
8669853046
7385609931
9834421057
7569588359
8421026892
9021503605
9764645069
7743918929
9637903033
8308488242
7517511226
9172953818
8956639754
9423811893
7666246514
9604734364
8010378930
8237849046
8080954069
9766598284
9423684623
9324583600
8080531947
9766774239
7559401835
9049166276
9322326017
8237343529
9975738115
8275745385
9665242598
7276167466
7048846202
9503196698
9307055074
8237990740
9561795142
7262887773
9130156844
8999958285
9960036782
8626026987
9356957418
7498602727
7499184361
8856087208
9422938750
9890222668
7020161324
7558244609
9765611158
7218518410
8308363419
8194081975
9834936267
7620407357
9075442351
8380936591
8010194286
7264905087
9130186403
8698122955
7262890549
8949122605
7588717527
8446019581
9146610281
7020299741
9579930351
8390480953
8793263078
8421000128
9156156381
9307312486
7758039034
8137928722
7249434899
9561023525
7385773580
9766026453
9766591675
9096017720
9730602866
9423565311
8698494089
9309168200
7972133077
8956969375
9172142195
7066391801
9022548233
8483917459
7741853878
7517924584
7389812507
7391941694
9595034388
9765210660
8169534597
8208948815
9623277414
8446158676
8656639754
9975737462
7559373721
8275256472
9975451306
9503486342
7447863623
9022123172
8080931401
8010369855
7620007986
9096383434
8390431907
7030730670
7709403806
7972190515
9888172922
9307757394
9392039202
7796189840
9860435516
9370018761
8855801712
9146679676
7517258275
8379948106
7620754505
8411062770
9049835886
9850847331
8975472057
7620522460
8788059926
9552778437
8767093320
7522964047
9607828423
7888204265
7903766935
7776006311
8390226485
8767514798
9975746316
9359484460
9763516822
7020198669
9175422051
7350702965
7219429896
8390947058
9175777939
6300305118
9307327455
7709959842
7507157858
7620182560
7796423060
9156696424
9890856784
7821808947
9021884663
9890130647
8380945579
9730376966
9689792728
9960662404
9923354629
7499434664
8999782361
8668808987
7559182654
9309035063
7499597013
7036161079
8788031173
8411051362
8623897326
9284920562
9158403056
7499998751
9545825778
7666884748
7385114931
7058047843
8180863406
7249637434
8624966115
7744804980
8530429366
9420311914
9359629875
9823524615
7798966843
7888296916
7499382022
7798739273
7058064190
8624087712
9309310894
9370867211
7249386719
7075392905
7796874176
9552678844
9637929689
7558418897
7875173847
8446375472
8767484914
8983410223
7397932825
7219199930
9373449903
8830028424
9766790867
9325028947
9028490754
8080753808
8624976072
8149290091
9689403462
7249863505
9570381172
9028294660
9823872565
9075262751
9373262935
6398365744
9607874162
9834753883
8767336748
9527079290
7350463480
7498213671
9763248962
9834312298
9309964684
8550911842
9359251255
8180904935
8550982717
8421046926
7028617089
8329146903
8080258759
9145149787
8459273282
7888280290
8767377573
9075232517
9923065213
9975757510
7217457400
9022654940
7620394965
7758058361
9326333443
7083160738
8080369366
7249456430
9921895138
7709393462
8412913219
7507999271
9322238309
7350581469
9370793787
7796466937
9657873352
9209220121
7249535798
9699877417
7028494839
9529850206
9823037483
7057943074
8080042390
7499965136
8088581388
7350392139
7757034022
8626097990
7972944873
8830011703
7972737807
8055401962
7767086072
9511683092
8080076328
7058132695
9545502328
7385628602
9730829746
8482893360
7218293985
7219200152
9156758125
9890612508
9011569782
9370283763
9156035234
9021880225
7757804127
9699451438
9022376510
9923990104
9309826531
8010966529
9657733367
9021725358
8830391103
7385357068
8381094775
9623653321
9503826179
9623638833
9764751573
6305229849
9665053466
7875010633
7887964257
7709189855
9623735064
9359120104
7249340741
9404945258
9322920711
7498102109
7499131035
9309393441
9403601193
9322382035
9156976369
7218711763
7499773989
9156906252
8446237379
7276193972
9049504237
7517431162
9370875192
8208948229
8080460388
7020595297
9370301679
7702258773
8530778433
9209338098
9049131867
8180860455
8552060946
7517853244
7058047675
9699637939
7709419166
7385532705
9850671298
9022274740
9766196900
8767275149
8855900546
8999866062
8010907069
7522911421
9322916951
9284269236
7218788403
9604954820
7972674716
9423934110
8149735464
8007842261
8483898869
7744936139
9309764220
7420893290
9834239895
9527510882
7387515371
7350138278
7385208936
7397972614
8180863884
9527106821
9356238476
6239322642
8050484452
9307580971
9146275173
8329482067
9834955665
9403691552
9623421416
8767350569
7200071232
7756881805
8975959665
7030748857
7378426580
9022543316
8379806491
9075714654
9765950737
9284912974
8055565160
8767600369
9370153103
7823882235
9665899569
9168987840
8530960407
7709597528
7083082091
7447349894
9028368367
8788046177
8847709571
8421470662
8830950864
7767074332
7620084607
7875269821
9021859914
8275745385
8010847991
8767274530
9011893256
9503921717
7507515016
8855948023
8657499928
9552948910
7517517656
7517823607
9766917516
8010544360
9307489625
9823837161
7666541499
9175243234
7499673055
8793801034
9067355658
9145193945
8208853990
9359040953
7619113851
8080168827
7385749747
9765641372
8446203818
7775967184
9923527378
8888807467
8333081440
8263914097
9689115784
7558349725
9730498665
8446597810
8830580836
8010369855
8329351103
7499705890
7666541499
7219093531
9699835356
9022858154
9527319575
8010777176
7835912404
8810338854
7058047675
8669020452
8468872116
8275103853
9156696424
9699637939
9309035063
9370684571
9175243234
9209338098
9175739485
8149735464
9423858758
7499773989
9309088131
9061431541
9158232638
7385211899
7498590613
8698122955
8552060946
7249719862
8446019581
8766823007
8830710501
8208173896
9112464363
9284009419
7020954299
9975757510
9420311914
9420188222
7776006311
7397972614
9764573237
7887564133
9665593530
7057711395
8767813471
9325306279
8010941176
9322916951
9307192935
7030055965
8767572972
8600996670
8767021542
9423066915
9022425319
8554001884
8600522409
8767812843
8788832663
9822259665
9319297977
8530299117
7744804964
7028559516
7822841040
8857060712
9921336948
9158106063
7972716884
9823743971
8767274530
9284919227
9623646362
8180954060
9834735230
8169534597
7888280290
9021503605
9309393441
8669540394
8983410235
8999964804
9766588534
7058498793
9096017720
7385957298
8767300552
9552740516
7020225231
7620007986
8767377573
7774816201
7666873794
7499597013
7249807614
9689115784
8329351103
8446597810
7030055965
8767021542
8554001884
8010369855
8857819957
7835912404
9527319575
7744804964
7972716884
9823743971
9284919227
9921336948
7058047675
9158232638
9021503605
9309035063
7498590613
9022425319
9175739485
9552740516
9156696424
9209338098
8767300552
9370684571
8999964804
7666541499
9096017720
9356238476
9699637939
8669540394
7499597013
9423066915
8275103853
7499705890
9319297977
8983410235
9309088131
8468872116
9022858154
9699835356
8530299117
8767377573
8830580836
9766588534
7385957298
7249807614
9061431541
8600522409
8169534597
9623646362
7219093531
9511683092
7558349725
9175243234
7888280290
9730498665
9423858758
7385211899
7822841040
8149735464
8669020452
8010777176
8810338854
7028559516
7774816201
7499773989
8698122955
7620007986
7666873794
8237943078
7020161324
7262887773
7058548510
7499767412
8080946005
7470934347
9325296264
9021933936
9021895510
7350392139
9156411322
9960036782
9588642353
7756881805
9356626160
9307489625
9699154886
9011056259
9529850206
7666623571
9359040953
9860321398
8657304112
9356318870
9527538676
7843945555
7498711373
9921964644
7666455366
7028318740
8390226485
9022353346
7821808947
8767558054
7758992012
9146375066
9665053466
9561795142
9022009474
8767287105
9922277553
9588419280
7709553810
8766801667
9307984568
7843038911
7385680792
9096517058
7020198669
9356829315
9022123172
9579904057
9823033411
9356399176
8380936591
7219429896
9356858076
9322375481
7498570248
9359555184
9322169657
8999207318
9823868354
9657777456
9423260377
9356063563
7057530377
9404088117
8949122605
7471152868
9284888671
9022734703
9175986112
7499965136
9307712638
6302833154
9665894293
7709065192
7218293985
6305229849
9356957418
9730253022
9356207132
9552778437
8308330801
9172080007
9049644909
9699877417
8149240125
7620407357
8767093320
9309310894
9423811893
9834936267
9146630916
9403601193
7709869270
8767060053
8080122182
9370665784
9172276594
9766376251
8767993086
8208948815
9307467318
9309764220
7048846202
9307218618
7558418897
9359052129
7030001042
9067129673
7498213671
9850706126
7666320582
7083082091
9850671298
7058132695
9511206423
7262890549
7498124978
9975053576
7499015150
7387653745
8208328821
7249339078
7057796010
8793801034
1234567891
8010194286
8137928722
9074281662
6200848399
9061355729
9404945258
9172142195
8329623179
9863603104
9657777456
9325296264
7350392139
7470934347
7028318740
9699877417
9370665784
8767287105
9699154886
8237943078
9834936267
9665894293
9665053466
9359040953
8308330801
7666623571
9022353346
9356399176
9011056259
7218293985
8767093320
9022123172
8080946005
8080122182
9022009474
9322169657
7057530377
7756881805
9527538676
8390226485
8767558054
9356957418
7499965136
9356626160
9021895510
9284888671
8767060053
7498711373
8766801667
7620407357
9307489625
9588419280
9172080007
9146630915
7498934547
9423260377
7385680792
9156411322
9356063563
9423811893
9766376251
7249620996
9699722601
9403601193
9145777923
9860321398
9529850206
9309310894
9921964644
9175986112
7020198669
9359555184
9049644908
9022543316
9356318870
8149240125
7843038911
7499767412
8999207318
7821808947
9356957418
9922277553
9359052129
8380945579
6302833154
9356829315
8010847991
9552778437
9404088117
9021933936
7030001042
7058548510
8600073906
7028373062
7709553810
9022746514
8767993086
8080237326
7709065192
7498765517
8657304112
7709869270
9356858076
9322375481
9172512104
9823868354
9022734703
9527319575
7058047675
7744804980
9022858154
9552740516
8446597810
8468872116
8830580836
9850364491
8983410223
7249807614
9022425319
9309035063
9730498665
8208287106
9423858758
9392039202
8600522409
7498590614
9689115784
9699835356
8767021542
7774816201
8169534597
9175243234
9511683092
7972716884
9370684571
7030055965
7558349725
9156696424
9699637939
8149735464
7499597013
8530299117
9309088131
7822841040
9021503605
7385957298
7028559516
9411751547
8379038068
8149290091
9022548233
9370376574
7972668799
7499131035
7378801674
7620824699
7420919755
8261071606
8605303105
9860968691
7083124471
9529320717
8080485677
8262838616
7517473393
9422938750
9326333443
8080954069
9822938830
7498281401
7499376067
8080168827
8275430837
8857901410
9022256429
9119492183
9326836013
9370355311
9579226826
9970092887
8626015473
7796845077
7447296254
8956639754
7709069957
7058099464
8408907551
8623076957
9359422589
7218166862
7218446600
7276519459
8177988349
8669832821
9011476198
9112463370
9156364116
9175777939
9322017465
9322985319
9373773948
9527510882
9527947478
9527980866
9623653321
9764756558
9765452198
9766790867
9767125432
8605607758
9028490754
8668698729
9370631118
8626097990
7020181389
7020299741
7057110347
7057943074
7058816029
7066308823
7249807616
7264817255
7276167466
7350138278
7350463610
7387632822
7498737850
7499036347
7499073458
7499565558
7620036920
7620394965
7666031653
7666922965
7709959842
7741853878
7755953216
7767076872
7767089173
7887677824
7888172529
8010201191
8010378930
8010945174
8177904810
8180860455
8208172896
8237343529
8237990740
8308145753
8308411546
8308935769
8329482067
8378891123
8390480953
8390947058
8407928275
8446062574
8446174256
8483944305
8484904021
8552062279
8554934166
8623009083
8624032681
8624975759
8668973432
8669908400
8767134726
8767660431
8767978089
8788059926
8855937064
8856924505
8956638549
8975959665
8983547710
8999688913
9021725358
9021870737
9028829840
9112284484
9112318072
9112846744
9156035234
9156908711
9307312486
9309826531
9322367476
9322643776
9322798088
9325929904
9356797650
9359180620
9359850536
9370134884
9370153103
9370283763
9370288461
9370525906
9371024323
9422177830
9503485647
9503921717
9503974795
9518333972
9527607168
9545507337
9545575942
9561130538
9579187234
9579332303
9588472213
9637601255
9637903033
9665242598
9665612039
9689225720
9699128948
9764381863
9766591675
9766598284
9822340104
9822536654
9823209539
9823508666
9823837161
9834806942
9834923266
9890889056
9921623484
9922519150
9923065213
9923527378
9923713025
9923990104
9975506000
9975746316
8010945174
8177904810
8180860455
8208172896
8237343529
8237990740
8308145753
8308411546
8308935769
8329482067
8378891123
8390480953
8390947058
8407928275
8446062574
8446174256
8483944305
8484904021
8552062279
8554934166
8623009083
8624032681
8624975759
8668973432
8669908400
8767134726
8767660431
8767978089
8788059926
8855937064
8856924505
8956638549
8975959665
8983547710
8999688913
9021725358
9021870737
9028829840
9112284484
9112318072
9112846744
9156035234
9156908711
9307312486
9309826531
9322367476
9322643776
9322798088
9325929904
9356797650
9359180620
9359850536
9370134884
9370153103
9370283763
9370288461
9370525906
9371024323
9422177830
9503485647
9503921717
9503974795
9518333972
9527607168
9545507337
9561130538
9579187234
9579332303
9588472213
9637601255
9637903033
9665242598
9665612039
9689225720
9699128948
9764381863
9766591675
9766598284
9822340104
9822536654
9823209539
9823508666
9823837161
9834806942
9834923266
9890889056
9921623484
9922519150
9923065213
9923527378
9923713025
9923990104
9975506000
9975746316
7888172529
8010378930
7020181389
7058816029
7066308823
7249807616
7264817255
7276167466
7020299741
7057110347
7057943074
7350138278
7350463610
7387632822
7447863623
7498737850
7499036347
7499073458
7499565558
7620036920
7620394965
7666031653
7666922965
7709959842
7741853878
7755953216
7767076872
7767089173
7887677824
8010201191
7755907262
8767669206
8767275149
7775800561
8530778433
9370301679
9595034388
9970093571
7020444322
7030730670
7038609520
7058756570
7058933157
7219259020
7249637434
7249895144
7350956809
7378312504
7385473157
7385532705
7389812507
7397842243
7447613185
7447844189
7498102109
7498511875
7507439390
7507548014
7507999271
7517090406
7517431162
7517793675
7558244609
7697250831
7709403806
7721802706
7743868159
7745827736
7757871925
7758058514
7796874176
7875173847
7887934824
7888241794
7972085380
7972190515
7972613061
8007116244
8010866758
8010907069
8010951337
8010966529
8055474633
8087317297
8180816539
8261964188
8275105785
8329676611
8329758490
8379049368
8379948106
8446375472
8530597159
8530960407
8554895055
8600102341
8605399606
8625854995
8669595198
8767279513
8767435158
8767484914
8767549078
8767618394
8767765121
8767914118
8767935524
8788031173
8788058109
8788245910
8830391103
8847709571
8855900546
8956169223
8999782361
9021019101
9021541048
9022654940
9075232517
9112180013
9112959406
9130893362
9145149787
9145253758
9156873792
9156976369
9175422051
9175827127
9284269236
9284512622
9284897867
9302900209
9307580971
9322458697
9325336932
6006722489
6200599182
6239322642
6239963614
6300305118
6303508757
6303739598
6305860060
6362101104
6379220930
6392032126
6394945840
6398365744
7020375641
7036161079
7036990356
7038234443
7057886565
7058047843
7058957966
7075392905
7075530204
7200071232
7217457400
7219536189
7259145327
7264915894
7307562254
7337573346
7378331138
7386783928
7396846083
7398576451
7420893290
7498034811
7498602727
7499434664
7499673055
7558658740
7559182654
7569588359
7601099908
7619113851
7619686882
7620677785
7666294629
7666884748
7676165514
7676207859
7688961733
7702258773
7702694185
7735803250
7768009043
7780555134
7816054353
7875224229
7889432262
7892836141
7903766935
7977312314
7989389834
7995064131
7995430477
7995948466
8010387242
8050484452
8050847120
8080931401
8087165160
8087294029
8088581388
8149996746
8185044122
8194081975
8253063607
8264390507
8275256472
8292257903
9699546672
9370873158
9403745013
9359120104
9570381172
8767336309
9921529586
7385093845
9096761965
8010544360
7743880377
8793873920
7558438455
8421715190
9607464241
9112220605
8237849046
7420068129
9423934110
7588766737
9225239116
9172307797
8830694541
9028368367
7768808036
7666846581
9373629993
9730602866
7499614914
7378426580
7058946440
7758938356
9403943352
9764751573
7498779621
9322920711
7666766549
9384679103
9420304318
7821082905
9284969308
9322326017
9356611451
9121647020
9890016940
9302032278
8983492963
9096657306
9356478581
9403681425
9860892299
7058338861
7248979563
7448172700
7666831067
7775950087
8055801629
8262013468
8263003048
8317234467
8767052982
8888766955
9021643752
9057010549
9158534472
9307211564
9307993065
9322512604
9372369249
9607741258
9689643028
9834378539
7972218924
7498088759
7743856490
7841009594
7522964047
7741056974
7057815107
8390418913
9623735064
9527963515
9822750953
9284920562
8657499928
8308090946
7517258275
9096256487
8806724960
9545641917
9503826179
9588455280
8767712248
9890695315
7020905351
9657873352
8379870770
9766774239
8421383995
9960662404
8483034761
9075714654
8421975199
8412913219
9049166276
9665062234
9764535795
7709735948
7507157858
7218314530
7264087465
8208948229
7020227644
7218314530
7517924584
7775967184
9022976637
7781043237
8830028424
9325608564
7058384278
7249863505
8793263078
7558399145
9049743479
9423684623
9309163418
9503169625
9834421057
7721834123
9423684623
9309163418
7522911421
8390431907
9067355658
9156906850
9022274740
9359445227
7021269387
9860634431
8379806491
9156537346
9850451606
9011893256
9503728939
8308897991
9834502924
9518726163
9623421416
7410517102
9158788969
9146746225
7743918929
7058317661
7709393462
7038572673
9156758125
9503196698
7558569350
9370793787
7498397195
7350113460
8983140701
7447349894
8669531423
9284153216
9021227698
7498937922
8329681222
9730860779
7721099577
8975356638
9764645069
7218855680
9370443019
9172312689
8788299544
8999893711
9130129741
7776056365
7517853244
7887575649
7020894388
9767699827
8421000128
8669278432
9623670784
9307055074
7875269821
9067285705
9309170692
9373909669
9665399565
8625018578
9022208950
9359377609
7264802894
9370738111
9834239895
9422102627
8421974527
8208418629
8378851094
8446403787
8669432430
9552359491
8087778270
8421999828
7499382022
7887964257
8806458835
7249698463
7972396212
7058598069
9579988103
9823311315
9322824129
8856817303
7397920284
9975777419
7756916040
7058064190
9370152582
7385208936
9067167848
9923354629
8805859703
8805859703
9834237606
7385795262
9145193945
9767280068
7447872489
9766917516
8329146903
7768846208
7588169379
9527900816
7249340741
8421145740
7447843368
9156906252
9823872565
7709745510
9158968439
9096256487
9309964684
9765210660
7507515016
9552948910
9146861923
7756959633
7058125961
7249807616
7385103653
9284322865
8552023158
9403774607
7350702965
8308783687
8378873695
9370614051
9156156381
9067939058
9067939058
8788206358
7218711763
9403737102
7249886960
8989579839
8624087712
8600664186
8208326043
9324583600
8411062770
9527753169
9764386731
9975895906
9158403056
7385150988
8459829877
8805171906
9156888149
9156888149
8007547496
8855028138
9637214991
7559434884
7264094338
9637655398
9145259016
8446237379
9604954820
9130768341
9021546799
9503097249
9049835886
7020319408
8381027907
9689422655
8625908160
9021884663
8605924359
8010223528
9325028947
7767043472
7249535798
9359663179
8975472057
8806516315
9765611158
8855801712
7387328659
8623897326
7385153943
8483917459
7620129892
8855028138
9423401620
9325028947
9422828178
8788046177
7057434642
7219592816
9284280368
9527477416
8446417037
8007467976
9730376966
9049865418
9370427211
9284801269
7058992887
7385544207
7038770149
7447325819
9975071702
9049087568
9370260832
7276190955
7758096807
8830586264
7798629428
9850847331
8856080568
8668808987
8080187815
7499244021
9075442351
7058296322
8381027907
7499304506
9607828423
7058489787
9975342313
9022376510
7218518410
8308363419
9699566766
7020894388
7262032274
9021880225
8381027907
8855847468
9011526195
9359751884
9665399565
9521774535
7588717527
9370867211
8975643860
8605331168
9665899569
7066680352
8446225327
8806126278
7798966843
9307043655
8530429366
7499537204
8975708220
7757804127
8080753808
7276367379
9545825778
8999027853
9579400187
7798390860
9860558412
7620182560
7385188059
7796423060
7249882337
9881099263
8421000128
9529263627
7875010633
9156729915
8805136344
8551861543
9527079290
9689403462
9860967791
8180839136
9049131867
8552978017
9172679534
8180863884
9359484460
9518528463
8329317810
9284363572
9834737351
9075262751
7385140468
9923020419
7218314530
9373498152
9049504237
8411051362
7823882235
9075734346
7972944873
8379067854
7558640424
9673592508
9909526755
8856087208
8856087208
8446158676
8421470662
7387430194
9359324719
8698494089
7385057625
8381094775
7758039034
7028587428
9309800125
8698890104
8767350569
9730899825
7397932825
8459550740
9075480794
7972855248
9823993797
9960370759
9172322795
8080531947
9730829746
9834245207
9637179620
7666239545
9067792145
7507644994
8390350149
7507644994
7350463480
7821066890
9370343226
9359015997
9665469740
8805198246
9370385546
8208521746
7776056365
9822215401
9922663932
7218016276
9975451306
8177925968
7620936642
8080076328
9370770375
8767705966
8275745385
9049834156
8308583454
8983227589
8411037261
7028617089
8806724960
8999178499
7387515371
8483034795
7499998751
7841074058
7414917108
7888296916
7249434899
7517715204
9823371850
9545613495
8421046926
7276210071
9637728339
9322231581
7620612890
9579070183
9156837643
8180863406
9766026453
9175771824
9307615202
7276114515
8432036682
7887749495
7264944247
9373954418
9359103150
9545502328
7385609931
8999773268
8788206358
9168987840
7058859551
7972240211
8378902539
9370875192
7387430275
8080042390
9579070183
7620685987
7666952812
8999301885
9284912974
7387844718
7517511226
7559401835
9049136368
9309560386
9890246277
9890216814
7020626933
8975761165
7620754505
8830868034
9579930351
7758953056
7972737807
9834312298
7517517656
9503571762
9322148079
7385033880
9112951789
7385749747
9130055547
8010775904
8805094603
8080369366
7887866522
7498405897
9595497959
8855099252
8080258759
9923140126
7499184361
9130355048
9890130647
8381015770
9067976202
8698404424
9011697411
9604463228
8806512068
8208135692
9175271946
7620790550
8177969137
8208181697
7666287384
7767086072
9075405314
7498190321
9309168200
9284203320
7385357068
8263914185
9130186403
9049087568
7219576987
7666497165
9665076177
9021116177
7620941228
7385044185
9689395096
7350063896
8855081719
9850847331
7887355288
9075485019
8485866967
9766196900
9322669351
9146679676
9766617739
8080460388
7559349935
7385628602
6204753262
8999806970
9503409547
8007583808
8482893360
7972200917
9156238747
7387647604
9373449903
7507957550
9527103446
9527106821
8805793574
9823037483
8482802504
8830950864
8657963060
8788910212
9834753883
8605694543
7028733917
9284476595
9579463683
7218788403
9673021471
9405918468
8552914064
7517990547
9561246517
9518914669
9766940698
7499602717
8149526671
8308772790
9284356686
7559462882
9834077238
9172622336
7499901795
9405676485
8600499678
9371245936
7744015571
9579468754
9322238309
7820981533
7498607708
7620084607
9049504237
7821097415
9075179451
8856925831
8550982717
8459532642
9763516822
8668976483
7666246514
9325908526
9307815997
9579562522
7620783660
9689383041
8407942875
7767959127
9699451438
9322215401
7264905087
7758967154
9673436152
7745882210
7058992887
7972133077
7743885990
7385907138
7517823607
7757034022
9763248962
8669014503
7350470689
9561023525
7972429660
9765878971
9529263627
7767079863
7249386719
9307327455
8286661054
8788759860
7057294307
9359629875
8999586423
9022075428
9146029222
9888172922
9561050467
9689367432
9175031402
9156035640
8605801733
9156572038
7385114931
8149176609
7840916581
9325047907
9021859914
7057626674
9370018761
9699071383
8669853046
8805585938
7709189855
7559373721
7709419166
9730414403
7414900118
8855948023
8767600369
8483898869
7448261889
8999866062
7709459993
7499931649
8625823837
7887959683
9096337245
8087990523
7218493623
7028733123
8149176614
8421575412
8855913649
9049804860
8975465735
8459048537
7507069259
7249856378
8390681502
7066391801
8788513649
8482910948
8855939331
7249456430
9156684899
9699937673
9359374079
9970441837
7264944247
8999301885
8698405110
7028494839
9028294660
8669549195
7796189840
9823841311
9011569782
8055214108
9503486342
8208521746
8435641079
9370329857
9370861274
7378663082
916876861
7385646945
9860613786
9284912974
8668360452
9657733367
8010809365
8412928056
8550911842
9130156844
9309365401
74105868744
9834872930
9373018509
9022457192
7758058361
7038463877
9370324242
7517301507
8381027907
7020829422
8551820031
7517486812
7030103564
8830011703
8177969137
8421026892
9119583699
8999958285
8766867791
8830835686
8180998520
9373262935
9763516822
8482827601
9359369631
9307942300
7350819240
8669594760
9096118149
9637929689
8237909646
9975993503
9028333484
8308092110
755939011
7709597528
7057244101
7841898214
9322748962
7620542247
7559373903
8055565160
7721916794
8007102754
9511894497
8956969375
8788451327
9011063641
7083109258
8766479424
9322877923
7767074332
9067511698
9067511698
7276135251
9960469094
7387844718
8623869263
8010295430
9370867211
7058489787
9284984175
7588169379
9359251255
9689792728
9657383537
9561511627
7559374043
8623067496
8767705966
8180865229
7030748857
808728261
8656639754
8999240394
9766775815
7768845094
9112304075
9322528770
8605318987
7820927418
7264927900
7559481416
8625000923
7558586335
9373673590
7350581469
9545432035
7385280508
9322382035
9168088953
8983412701
7620522460
8446203818
9209220121
8010112458
9022541211
9356437260
8007701265
9322937470
7083160738
7709240957
9146610281
7020761086
8180865745
7385532705
9119468427
7219199930
7385773580
9307757394
9322643776
8767781779
8767372913
9923456915
8010378930
9970671368
9834955665
9970305409
7972674716
9359877982
7498754712
9420408160
7888204265
7517301507
8308090946
8329317810
9156905210
7020340575
8766934483
9588458987
7972730913
9049965922
9049965922
8668427748
7666180571
8308145753
7798550807
8010945174
8421028135
7410050953
9975221683
9158788969
8180904935
7391941694
9146275173
9765641372
9146610281
7218455679
9850885341
9422828178
9373344286
9975738115
7709743603
7276167466
9579634345
9970868452
7020181389
7517064650
7385060871
9022527413
8793263078
7276193972
9689783943
9552678844
9730379675
9604734364
9145784066
9373885814
7507630794
8329386059
8055930443
8767413685
9890856784
9049258171
9890612508
9822821099
7820890695
9921895138
8626026987
9823848054
9423565311
9764713767
9823524615
9518730147
8624966115
7058818317
7774918317
8975264518
8208853990
9156494924
7058398292
7558243685
9765950737
8308488242
9175484619
9822821099
9689040858
7796466937
9764713767
8767514798
8329278453
8329278453
9156290644
8411080176
9373699032
9022273212
9096383434
8767336748
9890222668
9834197469
9607874162
8007842261
9307209319
9359458434
7798739273
9860394983
7875498203
8055401962
9370807906
7972613763
7666325175
9834116271
8624057341
8999838926
9922915163
9527607168
9527607168
9403691552
9322483150
8459273282
8390657914
8624976072
7972925403
9607872248
7387604017
9607193085
7276175365
9172953818
9075865567
9049504237
7219200152
8263950055
9623277414
9175639935
9689403462
8550988789
9518932672
8624071205
9860435516
9623638833
9975737462
9975737462
7972218924
7498088759
7743856490
7841009594
7522964047
7741056974
7057815107
8390418913
9623735064
9527963515
9822750953
9284920562
8657499928
8308090946
7517258275
9096256487
8806724960
9545641917
9503826179
9588455280
8767712248
9890695315
7020905351
9657873352
8379870770
9766774239
8421383995
9960662404
8483034761
9075714654
8421975199
8412913219
9049166276
9665062234
9764535795
7709735948
7507157858
7218314530
7264087465
8208948229
7020227644
7218314530
7517924584
7775967184
9022976637
7781043237
8830028424
9325608564
7058384278
7249863505
8793263078
7558399145
9049743479
9423684623
9309163418
9503169625
9834421057
7721834123
9423684623
9309163418
7522911421
8390431907
9067355658
9156906850
9022274740
9359445227
7021269387
9860634431
8379806491
9156537346
9850451606
9011893256
9503728939
8308897991
9834502924
9518726163
9623421416
7410517102
9158788969
9146746225
7743918929
7058317661
7709393462
7038572673
9156758125
9503196698
7558569350
9370793787
7498397195
7350113460
8983140701
7447349894
8669531423
9284153216
9021227698
7498937922
8329681222
9730860779
7721099577
8975356638
9764645069
7218855680
9370443019
9172312689
8788299544
8999893711
9130129741
7776056365
7517853244
7887575649
7020894388
9767699827
8421000128
8669278432
9623670784
9307055074
7875269821
9067285705
9309170692
9373909669
9665399565
8625018578
9022208950
9359377609
7264802894
9370738111
9834239895
9422102627
8421974527
8208418629
8378851094
8446403787
8669432430
9552359491
8087778270
8421999828
7499382022
7887964257
8806458835
7249698463
7972396212
7058598069
9579988103
9823311315
9322824129
8856817303
7397920284
9975777419
7756916040
7058064190
9370152582
7385208936
9067167848
9923354629
8805859703
8805859703
9834237606
7385795262
9145193945
9767280068
7447872489
9766917516
8329146903
7768846208
7588169379
9527900816
7249340741
8421145740
7447843368
9156906252
9823872565
7709745510
9158968439
9096256487
9309964684
9765210660
7507515016
9552948910
9146861923
7756959633
7058125961
7249807616
7385103653
9284322865
8552023158
9403774607
7350702965
8308783687
8378873695
9370614051
9156156381
9067939058
9067939058
8788206358
7218711763
9403737102
7249886960
8989579839
8624087712
8600664186
8208326043
9324583600
8411062770
9527753169
9764386731
9975895906
9158403056
7385150988
8459829877
8805171906
9156888149
9156888149
8007547496
8855028138
9637214991
7559434884
7264094338
9637655398
9145259016
8446237379
9604954820
9130768341
9021546799
9503097249
9049835886
7020319408
8381027907
9689422655
8625908160
9021884663
8605924359
8010223528
9325028947
7767043472
7249535798
9359663179
8975472057
8806516315
9765611158
8855801712
7387328659
8623897326
7385153943
8483917459
7620129892
8855028138
9423401620
9325028947
9422828178
8788046177
7057434642
7219592816
7972218924
7498088759
7743856490
7841009594
7522964047
7741056974
7057815107
8390418913
9623735064
9527963515
9822750953
9284920562
8657499928
8308090946
7517258275
9096256487
8806724960
9545641917
9503826179
9588455280
8767712248
9890695315
7020905351
9657873352
8379870770
9766774239
8421383995
9960662404
8483034761
9075714654
8421975199
8412913219
9049166276
9665062234
9764535795
7709735948
7507157858
7218314530
7264087465
8208948229
7020227644
7218314530
7517924584
7775967184
9022976637
7781043237
8830028424
9325608564
7058384278
7249863505
8793263078
7558399145
9049743479
9423684623
9309163418
9503169625
9834421057
7721834123
9423684623
9309163418
7522911421
8390431907
9067355658
9156906850
9022274740
9359445227
7021269387
9860634431
8379806491
9156537346
9850451606
9011893256
9503728939
8308897991
9834502924
9518726163
9623421416
7410517102
9158788969
9146746225
7743918929
7058317661
7709393462
7038572673
9156758125
9503196698
7558569350
9370793787
7498397195
7350113460
8983140701
7447349894
8669531423
9284153216
9021227698
7498937922
8329681222
9730860779
7721099577
8975356638
9764645069
7218855680
9370443019
9172312689
8788299544
8999893711
9130129741
7776056365
7517853244
7887575649
7020894388
9767699827
8421000128
8669278432
9623670784
9307055074
7875269821
9067285705
9309170692
9373909669
9665399565
8625018578
9022208950
9359377609
7264802894
9370738111
9834239895
9422102627
8421974527
8208418629
8378851094
8446403787
8669432430
9552359491
8087778270
8421999828
7499382022
7887964257
8806458835
7249698463
7972396212
7058598069
9579988103
9823311315
9322824129
8856817303
7397920284
9975777419
7756916040
7058064190
9370152582
7385208936
9067167848
9923354629
8805859703
8805859703
9834237606
7385795262
9145193945
9767280068
7447872489
9766917516
8329146903
7768846208
7588169379
9527900816
7249340741
8421145740
7447843368
9156906252
9823872565
7709745510
9158968439
9096256487
9309964684
9765210660
7507515016
9552948910
9146861923
7756959633
7058125961
7249807616
7385103653
9284322865
8552023158
9403774607
7350702965
8308783687
8378873695
9370614051
9156156381
9067939058
9067939058
8788206358
7218711763
9403737102
7249886960
8989579839
8624087712
8600664186
8208326043
9324583600
8411062770
9527753169
9764386731
9975895906
9158403056
7385150988
8459829877
8805171906
9156888149
9156888149
8007547496
8855028138
9637214991
7559434884
7264094338
9637655398
9145259016
8446237379
9604954820
9130768341
9021546799
9503097249
9049835886
7020319408
8381027907
9689422655
8625908160
9021884663
8605924359
8010223528
9325028947
7767043472
7249535798
9359663179
8975472057
8806516315
9765611158
8855801712
7387328659
8623897326
7385153943
8483917459
7620129892
8855028138
9423401620
9325028947
9422828178
8788046177
7057434642
7219592816
9284280368
9527477416
8446417037
8007467976
9730376966
9049865418
9370427211
9284801269
7058992887
7385544207
7038770149
7447325819
9975071702
9049087568
9370260832
7276190955
7758096807
8830586264
9850847331
8856080568
8668808987
8080187815
7499244021
9075442351
7058296322
7058232826
8381027907
7499304506
9607828423
7058489787
9975342313
9022376510
7218518410
8308363419
9699566766
7020894388
7262032274
9021880225
8381027907
8855847468
9011526195
9359751884
9665399565
9521774535
7588717527
9370867211
7972218924
7498088759
7743856490
7841009594
7522964047
7741056974
7057815107
8390418913
9623735064
9527963515
9822750953
9284920562
8657499928
8308090946
7517258275
9096256487
8806724960
9545641917
9503826179
9588455280
8767712248
9890695315
7020905351
9657873352
8379870770
9766774239
8421383995
9960662404
8483034761
9075714654
8421975199
8412913219
9049166276
9665062234
9764535795
7709735948
7507157858
7218314530
7264087465
8208948229
7020227644
7218314530
7517924584
7775967184
9022976637
7781043237
8830028424
9325608564
7058384278
7249863505
8793263078
7558399145
9049743479
9423684623
9309163418
9503169625
9834421057
7721834123
9423684623
9309163418
7522911421
8390431907
9067355658
9156906850
9022274740
9359445227
7021269387
9860634431
8379806491
9156537346
9850451606
9011893256
9503728939
8308897991
9834502924
9518726163
9623421416
7410517102
9158788969
9146746225
7743918929
7058317661
7709393462
7038572673
9156758125
9503196698
7558569350
9370793787
7498397195
7350113460
8983140701
7447349894
8669531423
9284153216
9021227698
7498937922
8329681222
9730860779
7721099577
8975356638
9764645069
7218855680
9370443019
9172312689
8788299544
8999893711
9130129741
7776056365
7517853244
7887575649
7020894388
9767699827
8421000128
8669278432
9623670784
9307055074
7875269821
9067285705
9309170692
9373909669
9665399565
8625018578
9022208950
9359377609
7264802894
9370738111
9834239895
9422102627
8421974527
8208418629
8378851094
8446403787
8669432430
9552359491
8087778270
8421999828
7499382022
7887964257
8806458835
7249698463
7972396212
7058598069
9579988103
9823311315
9322824129
8856817303
7397920284
9975777419
7756916040
7058064190
9370152582
7385208936
9067167848
9923354629
8805859703
8805859703
9834237606
7385795262
9145193945
9767280068
7447872489
9766917516
8329146903
7768846208
7588169379
9527900816
7249340741
8421145740
7447843368
9156906252
9823872565
7709745510
9158968439
9096256487
9309964684
9765210660
7507515016
9552948910
9146861923
7756959633
7058125961
7249807616
7385103653
9284322865
8552023158
9403774607
7350702965
8308783687
8378873695
9370614051
9156156381
9067939058
9067939058
8788206358
7218711763
9403737102
7249886960
8989579839
8624087712
8600664186
8208326043
9324583600
8411062770
9527753169
9764386731
9975895906
9158403056
7385150988
8459829877
8805171906
9156888149
9156888149
8007547496
8855028138
9637214991
7559434884
7264094338
9637655398
9145259016
8446237379
9604954820
9130768341
9021546799
9503097249
9049835886
7020319408
8381027907
9689422655
8625908160
9021884663
8605924359
8010223528
9325028947
7767043472
7249535798
9359663179
8975472057
8806516315
9765611158
8855801712
7387328659
8623897326
7385153943
8483917459
7620129892
8855028138
9423401620
9325028947
9422828178
8788046177
7057434642
7219592816
9284280368
9527477416
8446417037
8007467976
9730376966
9049865418
9370427211
9284801269
7058992887
7385544207
7038770149
7447325819
9975071702
9049087568
9370260832
7276190955
7758096807
8830586264
9850847331
8856080568
8668808987
8080187815
7499244021
9075442351
7058296322
8381027907
7499304506
9607828423
7058489787
9975342313
9022376510
7218518410
8308363419
9699566766
7020894388
7262032274
9021880225
8381027907
8855847468
9011526195
9359751884
9665399565
9521774535
7588717527
9370867211
7972218924
7498088759
7743856490
7841009594
7522964047
7741056974
7057815107
8390418913
9623735064
9527963515
9822750953
9284920562
8657499928
8308090946
7517258275
9096256487
8806724960
9545641917
9503826179
9588455280
8767712248
9890695315
7020905351
9657873352
8379870770
9766774239
8421383995
9960662404
8483034761
9075714654
8421975199
8412913219
9049166276
9665062234
9764535795
7709735948
7507157858
7218314530
7264087465
8208948229
7020227644
7218314530
7517924584
7775967184
9022976637
7781043237
8830028424
9325608564
7058384278
7249863505
8793263078
7558399145
9049743479
9423684623
9309163418
9503169625
9834421057
7721834123
9423684623
9309163418
7522911421
8390431907
9067355658
9156906850
9022274740
9359445227
7021269387
9860634431
8379806491
9156537346
9850451606
9011893256
9503728939
8308897991
9834502924
9518726163
9623421416
7410517102
9158788969
9146746225
7743918929
7058317661
7709393462
7038572673
9156758125
9503196698
7558569350
9370793787
7498397195
7350113460
8983140701
7447349894
8669531423
9284153216
9021227698
7498937922
8329681222
9730860779
7721099577
8975356638
9764645069
7218855680
9370443019
9172312689
8788299544
8999893711
9130129741
7776056365
7517853244
7887575649
7020894388
9767699827
8421000128
8669278432
9623670784
9307055074
7875269821
9067285705
9309170692
9373909669
9665399565
8625018578
9022208950
9359377609
7264802894
9370738111
9834239895
9422102627
8421974527
8208418629
8378851094
8446403787
8669432430
9552359491
8087778270
8421999828
7499382022
7887964257
8806458835
7249698463
7972396212
7058598069
9579988103
9823311315
9322824129
8856817303
7397920284
9975777419
7756916040
7058064190
9370152582
7385208936
9067167848
9923354629
8805859703
8805859703
9834237606
7385795262
9145193945
9767280068
7447872489
9766917516
8329146903
7768846208
7588169379
9527900816
7249340741
8421145740
7447843368
9156906252
9823872565
7709745510
9158968439
9096256487
9309964684
9765210660
7507515016
9552948910
9146861923
7756959633
7058125961
7249807616
7385103653
9284322865
8552023158
9403774607
7350702965
8308783687
8378873695
9370614051
9156156381
9067939058
9067939058
8788206358
7218711763
9403737102
7249886960
8989579839
8624087712
8600664186
8208326043
9324583600
8411062770
9527753169
9764386731
9975895906
9158403056
7385150988
8459829877
8805171906
9156888149
9156888149
8007547496
8855028138
9637214991
7559434884
7264094338
9637655398
9145259016
8446237379
9604954820
9130768341
9021546799
9503097249
9049835886
7020319408
8381027907
9689422655
8625908160
9021884663
8605924359
8010223528
9325028947
7767043472
7249535798
9359663179
8975472057
8806516315
9765611158
8855801712
7387328659
8623897326
7385153943
8483917459
7620129892
8855028138
9423401620
9325028947
9422828178
8788046177
7057434642
7219592816
7972218924
7498088759
7743856490
7841009594
7522964047
7741056974
7057815107
8390418913
9623735064
9527963515
9822750953
9284920562
8657499928
8308090946
7517258275
9096256487
8806724960
9545641917
9503826179
9588455280
8767712248
9890695315
7020905351
9657873352
8379870770
9766774239
8421383995
9960662404
8483034761
9075714654
8421975199
8412913219
9049166276
9665062234
9764535795
7709735948
7507157858
7218314530
7264087465
8208948229
7020227644
7218314530
7517924584
7775967184
9022976637
7781043237
8830028424
9325608564
7058384278
7249863505
8793263078
7558399145
9049743479
9423684623
9309163418
9503169625
9834421057
7721834123
9423684623
9309163418
7522911421
8390431907
9067355658
9156906850
9022274740
9359445227
7021269387
9860634431
8379806491
9156537346
9850451606
9011893256
9503728939
8308897991
9834502924
9518726163
9623421416
7410517102
9158788969
9146746225
7743918929
7058317661
7709393462
7038572673
9156758125
9503196698
7558569350
9370793787
7498397195
7350113460
8983140701
7447349894
8669531423
9284153216
9021227698
7498937922
8329681222
9730860779
7721099577
8975356638
9764645069
7218855680
9370443019
9172312689
8788299544
8999893711
9130129741
7776056365
7517853244
7887575649
7020894388
9767699827
8421000128
8669278432
9623670784
9307055074
7875269821
9067285705
9309170692
9373909669
9665399565
8625018578
9022208950
9359377609
7264802894
9370738111
9834239895
9422102627
8421974527
8208418629
8378851094
8446403787
8669432430
9552359491
8087778270
8421999828
7499382022
7887964257
8806458835
7249698463
7972396212
7058598069
9579988103
9823311315
9322824129
8856817303
7397920284
9975777419
7756916040
7058064190
9370152582
7385208936
9067167848
9923354629
8805859703
8805859703
9834237606
7385795262
9145193945
9767280068
7447872489
9766917516
8329146903
7768846208
7588169379
9527900816
7249340741
8421145740
7447843368
9156906252
9823872565
7709745510
9158968439
9096256487
9309964684
9765210660
7507515016
9552948910
9146861923
7756959633
7058125961
7249807616
7385103653
9284322865
8552023158
9403774607
7350702965
8308783687
8378873695
9370614051
9156156381
9067939058
9067939058
8788206358
7218711763
9403737102
7249886960
8989579839
8624087712
8600664186
8208326043
9324583600
8411062770
9527753169
9764386731
9975895906
9158403056
7385150988
8459829877
8805171906
9156888149
9156888149
8007547496
8855028138
9637214991
7559434884
7264094338
9637655398
9145259016
8446237379
9604954820
9130768341
9021546799
9503097249
9049835886
7020319408
8381027907
9689422655
8625908160
9021884663
8605924359
8010223528
9325028947
7767043472
7249535798
9359663179
8975472057
8806516315
9765611158
8855801712
7387328659
8623897326
7385153943
8483917459
7620129892
8855028138
9423401620
9325028947
9422828178
8788046177
7057434642
7219592816
9284280368
9527477416
8446417037
8007467976
9730376966
9049865418
9370427211
9284801269
7058992887
7385544207
7038770149
7447325819
9975071702
9049087568
9370260832
7276190955
7758096807
8830586264
7798629428
9850847331
8856080568
8668808987
8080187815
7499244021
9075442351
7058296322
8381027907
7499304506
9607828423
7058489787
9975342313
9022376510
7218518410
8308363419
9699566766
7020894388
7262032274
9021880225
8381027907
8855847468
9011526195
9359751884
9665399565
9521774535
7588717527
9370867211
8975643860
8605331168
9665899569
7066680352
8446225327
8806126278
7798966843
9307043655
8530429366
7499537204
8975708220
7757804127
8080753808
7276367379
9545825778
8999027853
9579400187
7798390860
9860558412
7620182560
7385188059
7796423060
7249882337
9881099263
8421000128
9529263627
7875010633
9156729915
8805136344
8551861543
9527079290
9689403462
9860967791
8180839136
9049131867
8552978017
9172679534
8180863884
9359484460
9518528463
8329317810
9284363572
9834737351
9075262751
7385140468
9923020419
7218314530
9373498152
9049504237
8411051362
7823882235
9075734346
7972944873
8379067854
7558640424
9673592508
9909526755
8856087208
8856087208
8446158676
8421470662
7387430194
9359324719
8698494089
7385057625
8381094775
7758039034
7028587428
9309800125
8698890104
8767350569
9730899825
7397932825
8459550740
9075480794
7972855248
9823993797
9960370759
9172322795
8080531947
9730829746
9834245207
9637179620
7666239545
9067792145
7507644994
8390350149
7507644994
7350463480
7821066890
9370343226
9359015997
9665469740
8805198246
9370385546
8208521746
7776056365
9822215401
9922663932
7218016276
9975451306
8177925968
7620936642
8080076328
9370770375
8767705966
8275745385
9049834156
8308583454
8983227589
8411037261
7028617089
8806724960
8999178499
7387515371
8483034795
7499998751
7841074058
7414917108
7888296916
7249434899
7517715204
9823371850
9545613495
8421046926
7276210071
9637728339
9322231581
7620612890
9579070183
9156837643
8180863406
9766026453
9175771824
9307615202
7276114515
8432036682
7887749495
7264944247
9373954418
9359103150
9545502328
7385609931
8999773268
8788206358
9168987840
7058859551
7972240211
8378902539
9370875192
7387430275
8080042390
9579070183
7620685987
7666952812
8999301885
9284912974
7387844718
7517511226
7559401835
9049136368
9309560386
9890246277
9890216814
7020626933
8975761165
7620754505
8830868034
9579930351
7758953056
7972737807
9834312298
7517517656
9503571762
9322148079
7385033880
9112951789
7385749747
9130055547
8010775904
8805094603
8080369366
7887866522
7498405897
9595497959
8855099252
8080258759
9923140126
7499184361
9130355048
9890130647
8381015770
9067976202
8698404424
9011697411
9604463228
8806512068
8208135692
9175271946
7620790550
8177969137
8208181697
7666287384
7767086072
9075405314
7498190321
9309168200
9284203320
7385357068
8263914185
9130186403
9049087568
7219576987
7666497165
9665076177
9021116177
7620941228
7385044185
9689395096
7350063896
8855081719
9850847331
7887355288
9075485019
8485866967
9766196900
9322669351
9146679676
9766617739
8080460388
7559349935
7385628602
6204753262
8999806970
9503409547
8007583808
8482893360
7972200917
9156238747
7387647604
9373449903
7507957550
9527103446
9527106821
8805793574
9823037483
8482802504
8830950864
8657963060
8788910212
9834753883
8605694543
7028733917
9284476595
9579463683
7218788403
9673021471
9405918468
8552914064
7517990547
9561246517
9518914669
9766940698
7499602717
8149526671
8308772790
9284356686
7559462882
9834077238
9172622336
7499901795
9405676485
8600499678
9371245936
7744015571
9579468754
9322238309
7820981533
7498607708
7620084607
9049504237
7821097415
9075179451
8856925831
8550982717
8459532642
9763516822
8668976483
7666246514
9325908526
9307815997
9579562522
7620783660
9689383041
8407942875
7767959127
9699451438
9322215401
7264905087
7758967154
9673436152
7745882210
7058992887
7972133077
7743885990
7385907138
7517823607
7757034022
9763248962
8669014503
7350470689
9561023525
7972429660
9765878971
9529263627
7767079863
7249386719
9307327455
8286661054
8788759860
7057294307
9359629875
8999586423
9022075428
9146029222
9888172922
9561050467
9689367432
9175031402
9156035640
8605801733
9156572038
7385114931
8149176609
7840916581
9325047907
9021859914
7057626674
9370018761
9699071383
8669853046
8805585938
7709189855
7559373721
7709419166
9730414403
7414900118
8855948023
8767600369
8483898869
7448261889
8999866062
7709459993
7499931649
8625823837
7887959683
9096337245
8087990523
7218493623
7028733123
8149176614
8421575412
8855913649
9049804860
8975465735
8459048537
7507069259
7249856378
8390681502
7066391801
8788513649
8482910948
8855939331
7249456430
9156684899
9699937673
9359374079
9970441837
7264944247
8999301885
8698405110
7028494839
9028294660
8669549195
7796189840
9823841311
9011569782
8055214108
9503486342
8208521746
8435641079
9370329857
9370861274
7378663082
916876861
7385646945
9860613786
9284912974
8668360452
9657733367
8010809365
8412928056
8550911842
9130156844
9309365401
74105868744
9834872930
9373018509
9022457192
7758058361
7038463877
9370324242
7517301507
8381027907
7020829422
8551820031
7517486812
7030103564
8830011703
8177969137
8421026892
9119583699
8999958285
8766867791
8830835686
8180998520
9373262935
9763516822
8482827601
9359369631
9307942300
7350819240
8669594760
9096118149
9637929689
8237909646
9975993503
9028333484
8308092110
755939011
7709597528
7057244101
7841898214
9322748962
7620542247
7559373903
8055565160
7721916794
8007102754
9511894497
8956969375
8788451327
9011063641
7083109258
8766479424
9322877923
7767074332
9067511698
9067511698
7276135251
9960469094
7387844718
8623869263
8010295430
9370867211
7058489787
9284984175
7588169379
9359251255
9689792728
9657383537
9561511627
7559374043
8623067496
8767705966
8180865229
7030748857
808728261
8656639754
8999240394
9766775815
7768845094
9112304075
9322528770
8605318987
7820927418
7264927900
7559481416
8625000923
7558586335
9373673590
7350581469
9545432035
7385280508
9322382035
9168088953
8983412701
7620522460
8446203818
9209220121
8010112458
9022541211
9356437260
8007701265
9322937470
7083160738
7709240957
9146610281
7020761086
8180865745
7385532705
9119468427
7219199930
7385773580
9307757394
9322643776
8767781779
8767372913
9923456915
8010378930
9970671368
9834955665
9970305409
7972674716
9359877982
7498754712
9420408160
7888204265
7517301507
8308090946
8329317810
9156905210
7020340575
8766934483
9588458987
7972730913
9049965922
9049965922
8668427748
7666180571
8308145753
7798550807
8010945174
8421028135
7410050953
9975221683
9158788969
8180904935
7391941694
9146275173
9765641372
9146610281
7218455679
9850885341
9422828178
9373344286
9975738115
7709743603
7276167466
9579634345
9970868452
7020181389
7517064650
7385060871
9022527413
8793263078
7276193972
9689783943
9552678844
9730379675
9604734364
9145784066
9373885814
7507630794
8329386059
8055930443
8767413685
9890856784
9049258171
9890612508
9822821099
7820890695
9921895138
8626026987
9823848054
9423565311
9764713767
9823524615
9518730147
8624966115
7058818317
7774918317
8975264518
8208853990
9156494924
7058398292
7558243685
9765950737
8308488242
9175484619
9822821099
9689040858
7796466937
9764713767
8767514798
8329278453
8329278453
9156290644
8411080176
9373699032
9022273212
9096383434
8767336748
9890222668
9834197469
9607874162
8007842261
9307209319
9359458434
7798739273
9860394983
7875498203
8055401962
9370807906
7972613763
7666325175
9834116271
8624057341
8999838926
9922915163
9527607168
9527607168
9403691552
9322483150
8459273282
8390657914
8624976072
7972925403
9607872248
7387604017
9607193085
7276175365
9172953818
9075865567
9049504237
7219200152
8263950055
9623277414
9175639935
9689403462
8550988789
9518932672
8624071205
9860435516
9623638833
9975737462
9975737462
7030055965
8767572972
8600996670
8767021542
9423066915
9022425319
8554001884
8600522409
8767812843
8788832663
9822259665
9319297977
8530299117
7744804964
7028559516
7822841040
8857060712
9921336948
9158106063
7972716884
9823743971
8767274530
9284919227
9623646362
8180954060
9834735230
8169534597
7888280290
9021503605
9309393441
8669540394
8983410235
8999964804
9766588534
7058498793
9096017720
7385957298
8767300552
9552740516
7020225231
7620007986
8767377573
7774816201
7666873794
7499597013
7249807614
8263914097
9689115784
7558349725
9730498665
8446597810
8830580836
8010369855
8329351103
7499705890
7666541499
7219093531
9699835356
9022858154
9527319575
8010777176
7835912404
8810338854
7058047675
8669020452
8468872116
8275103853
9156696424
9699637939
9309035063
9370684571
9175243234
9209338098
9175739485
8149735464
9423858758
7499773989
9309088131
9061431541
9158232638
7385211899
7498590613
8698122955
8552060946
7249719862
8446019581
8766823007
8830710501
8208173896
9112464363
9284009419
7020954299
9975757510
9420311914
9420188222
7776006311
7397972614
9764573237
7887564133
9665593530
7057711395
8767813471
9325306279
8010941176
9322916951
9307192935