9028508171
9511203539
8446877506
7507156712
9604086789
9975344430
7709579582
7709579582
8421020494
7709086983
7066671751
8390829259
7775921928
8379997614
8421883825
9545467448
8698043953
7045600033
8793160179
9970338108
8208670190
8552855062
9921513870
7385538349
7058086349
8805713314
8329320717
9156730755
7218785093
9730751104
8600627479
8482954271
9527110396
8411909868
8180979411
8180979411
9145516188
8149827849
9511295832
8007671733
8857057972
7058231520
8308680938
8329700795
8788112189
8806199965
7741949050
9595634128
9960544932
9960544932
9960544932
9960544932
7387688736
8626023296
9158414996
8983723868
8669087031
8237281179
7798416751
9156908347
9359038674
7028377714
7517673688
9850864697
9049865218
7709545964
9503494339
8830763225
7385553056
7249552388
9765549316
9623752644
7972445542
7697145742
7447387851
9175924731
9404735070
7720906779
8484970514
9503509412
7030187959
7083666315
7620614453
9373173043
8624973953
8806431113
7001927834
8805094603
7038225877
7058232826
7058232826
7058653742
9527321233
9370283648
9545482394
7709400641
9595610561
8805515197
9545884496
9075929162
8999766165
7709101322
7507156712
8999403003
8484853745
7798081079
7410593129
9890183817
9325229545
8550930132
9326904106
7744936139
8805944438
8698205139
9730780003
7058317661
9527264044
9156990374
7974257980
9146679676
7038735357
8788232694
7798195165
7798195165
7620552182
9038643769
8130881308
9561246517
8054251816
7247544742
7030520393
7767087050
8380868093
7030431826
9028637523
8600111569
9075250850
9673060992
9322537927
7770021112
7387085074
9834817395
8459634728
7028810695
2067325555
9960249805
9689598715
7249092443
8806059673
8007229284
9146746225
9359377609
8766409413
7745089152
9607706090
9975323719
8975435613
9011402731
7040575202
8308651245
9156907649
7887355288
9284112094
8806054999
9313808308
8669336555
7038738353
8390938210
7559105333
9322758386
7773948965
8069484764
9634566129
8446697178
9637706090
9730774128
9910563708
7887447550
8080172824
8317208195
9373560246
7821881814
8600010310
7057294307
7620274333
6355811803
7028872937
7028872937
7385208192
7249841245
8390286935
8265000816
7847945333
8830694333
7814617472
8237956190
8766566640
8007012605
8855919452
9322231581
7559108655
8999495081
7507156754
8007808062
9834468449
9156405243
8446627848
7218224523
9527846111
8668783952
9850292080
8806180962
8308237513
9372407358
7262057944
9284203320
8600746508
7517527201
9130136013
9765040377
8668775882
7517790307
8605088494
8446993551
9518777946
8857819957
9112892103
8530091520
8999704809
7389919029
8208882608
8999685094
7709371600
9825791978
7559258660
7709867548
7030437012
9503780339
9327975061
9015135135
9763255824
8605125441
8421939313
9518346945
9561172787
7122779099
7507000465
8766717506
8208418629
9637197065
9623735064
9922560181
8657253141
7768869946
8668445588
9096462136
7385680792
7385680792
7709440303
9822999355
9307526503
9145387848
9145387848
9325763327
9746683335
8446021077
7122420225
7122420225
7888128262
7378794647
9545754372
7796772785
9922571140
8983106804
7620650855
7397886626
7796142987
9890635168
8308090946
9557639929
7276223916
9370402550
9067228670
9921641953
7999884981
7743902122
9510738137
9638666602
6358956685
9922451648
8975854436
9158486921
8275555356
7218386726
7028617089
9372229103
9665705865
8421932778
9175946586
7385126593
9284651346
9764668103
7709400854
7774939940
9370902829
8975920226
9975350299
9975350299
9325848042
8847743563
8999883774
8605651889
9993241022
9822735722
9307639800
9307639800
9146335470
8956446832
7083394428
7122566766
7805050344
7488449714
8806372536
8040974095
9049138789
9371462836
9921690339
8605520825
8446574495
9699534054
9359751884
7249759513
9552184738
7798846705
9607636485
9561344613
8484927484
9119511400
7888296916
8421383995
9370547182
7559434884
9579741885
9637309838
9970834639
8180999244
7083590338
7083590338
9545438513
8572822124
7498221568
8208513780
8668501937
8668501937
9307357426
7666653866
8308583454
7798722012
8600334547
8390429410
7447546462
8770600877
9552879778
9146606497
7972383928
8237332429
9461981046
9699180893
9699969575
8421470662
8329317810
9503578752
9579485535
7038057406
7058427112
7083206058
9075132154
8999880488
9673067036
8668783952
9860301736
9352192501
8530495440
9130149466
9131216328
7219684182
7219684182
9373129244
7391947996
9096018200
7385773845
8975464105
9370460294
7038769268
7387305486
7058324784
9561690610
7447485103
9021372045
9975635705
9975474154
7709175942
7709175942
7798128853
9834931210
8411066006
7378525696
8240487970
9021325066
9922915163
8482910948
9823752288
9579377294
8600913520
9691213463
9131397424
KapilUikey
8149793877
8888527495
9271203244
9518932672
7972351205
7498004582
9304270733
9156907967
7218757102
9730090997
9325654322
8605949999
8605949999
8446146619
9637294640
8408877572
8408877572
7020922754
7767999343
8390766891
9970411984
7276135251
8698970109
7020595744
8329834909
7620221576
7721882848
9021284362
8600249186
9284280271
7058487749
7058487749
7720067927
8709886839
8600407474
9834203945
9923717793
7575000284
7575000284
9765609185
8624948855
9718756600
7507366616
9372998334
9637283992
7972281156
8055083791
9313807460
9881709648
7887889500
9021641299
9021641299
8855959803
8308928454
9730725249
7447260155
9112233471
9112233472
7972222632
9765777296
9511256749
8855011639
9673936655
8767704936
8087306855
9175933870
9175933870
8421753200
9422439802
9823077456
7972505181
8208433646
7447324816
9423729541
7058991889
7008200675
9834191734
7030993058
7030993058
8329980134
9860796405
9890913586
7397835754
7419209569
9322612922
9970922563
7066423798
9021174751
8788359560
9765174548
9022492257
8061799600
8698901408
8459888728
8626086197
8275745385
8275745385
9561433981
9561741700
9285151477
8766699690
9923653672
8823860476
7887717804
9021581178
9096641467
9665082859
9665082859
8806974595
9028539857
7758801684
7972200428
7020526385
9579115510
7498314829
7385751450
8766748051
7841886378
7028037845
9765548463
7020503992
8770495891
7249523255
8888825011
9545632621
9823141036
8263811994
7219033728
9860587543
9823576793
9730732717
8554082782
7030675689
9730379675
9765904999
9689975708
8956760446
7028846738
7028846738
7972613763
9284954448
7057530086
7057530086
9767048042
8766738340
9370837443
9637436080
6396285680
8830630524
9767972400
7447250485
7387647604
9767355587
8788387163
7447250485
8237727710
9699071383
9860805268
8329168792
7387313676
9011641272
8390153632
7397834736
7397834736
7030196947
8625953073
7507782888
7507782888
9405766009
6265351712
9960471177
9370867211
8698405249
9373140199
9022842074
9975993056
7620394965
9552630115
7768948097
9112198498
8237367736
9763540247
9373843691
8308886942
9890096063
9373277432
9529047364
8269732899
8600902354
9359304406
8767956831
9112840524
9370765665
8888328146
7741975766
8600050759
8237942726
9307934581
7741972516
8669506281
8767458761
7218663269
8080924189
9834285371
8767257916
9665883406
9307803972
9096391041
7218177591
9545932391
9822718136
7517316329
9371947210
7058157893
7517386673
7066222518
8421532591
9921097476
7744914551
9325696571
9960846624
9022670655
7666998448
7499126063
7620370008
9146812295
8080952929
9307602882
9604075181
9309584090
8275986751
9860805785
9112396530
8007895491
8847766519
8530155955
8237448673
9579361897
7218229971
7840938914
9307557210
8767963156
8600536183
7219633797
8007770081
8010145657
9579075132
9049280125
8668544078
7350190072
9579485535
7262811128
9156953171
8999167449
9359772886
7304787873
9699035574
7058503830
7559124723
8766894851
9665281134
9370960732
9657696302
7387912351
7378737003
7972028075
9689344741
7058707854
7796133075
9146166940
9665260508
8007666763
9096829699
9730650557
9322164507
9022271717
8446866458
8446168909
9766787636
7666814205
9370769317
9503256903
8862010563
8767219168
7721840045
8788905124
7378417773
9322011684
7498285694
8624095624
8766473896
7028507064
9823401538
9284208269
7887677836
7620589481
7580993309
7559158819
8237114009
9156861288
9373342988
9356950891
9011801360
9011801360
7720016329
7387034818
9764876769
8799891732
7058924425
7499697710
7249841085
7888194256
8767063286
9307738879
9579039778
7218826250
7385369033
7218219159
7410511603
7218486492
9529007982
9767860916
9145093953
9503534958
8805906923
7529085696
9325833848
7057670743
9689104900
7620291751
8856860144
7558449079
9823903836
8329171269
9860591620
8766545518
7666319534
7038524660
7385320778
8010347740
8459659306
9325722689
8329482025
7744956247
9960658947
8552989205
8669877981
7058033948
8446285499
9112990097
7378489015
9284264880
7020443482
8806080084
8459243642
9370643328
9371470935
7796592207
9923462976
9156179726
7448135044
7666383365
7498830741
9022152904
7709861203
9359623719
7972212594
8468882691
9373149264
9022611894
9322803991
8767631784
8975824194
9423684226
9322635720
8055770285
9370510783
9665756456
8805248813
9322556931
9022508227
9022508227
9022901148
9527781865
9056466703
9623252397
7768841645
9156907931
9270259114
9112771348
7843061775
7744011964
9022956741
9326172294
9764496190
9158973092
7378485418
7620271634
9764970541
9730429695
7507747526
7507747526
9359117831
9359117831
8668414136
9890246277
8459549609
9225239116
9823965593
8767309327
8007651901
7447387289
7499184297
7448010340
9766979684
7397920974
7397920974
8793507569
7666068940
8007377476
7798553612
8830846900
7798281175
9011697411
7755953944
9309180162
8468949298
9689426184
8815703230
9699352162
9561454028
7385369945
9689376782
8390084322
7843013292
8421998902
8766534523
7709067418
7083668124
7083668124
9370738111
9822698093
7350793967
9172953818
9763124563
7030723223
7083884906
7378659687
7887964257
7218048656
9422823694
7020882256
9075036320
9049138789
8080865934
9021141686
7796380790
9579050625
9834312298
9579208628
7709591881
7249748398
7249451917
9637445574
8888333526
9175747193
9960686184
9960686184
9158030126
9135721680
7397828539
9579427932
9518944314
9767699827
7410191481
7030617114
9209620289
8390579282
9309164401
8600593297
9579400187
7218016276
9322620513
9503573447
7218016276
9545576334
8767595673
7875747798
8605532337
9764788808
8007835759
9175131661
9423603655
9767804098
9890809255
9763076941
8856945343
9309995401
7522975308
7709175942
8669278432
7038895903
9096288166
6397079023
8261884603
7387941389
9588467013
8999610496
9765367473
8551000345
8788312435
7385081917
9561697288
8237620176
7249116238
9370805346
7507299837
RahulSingh
8421334766
7709540749
8055878885
7058489787
9960085581
9763116030
7057653517
9325467403
9422801560
9373768405
9579117160
9767345622
8055803433
8698084159
8793522285
7385037652
7378700148
7507492674
9172802312
7775926539
8999750451
9765609185
9423402487
9890364522
9921286740
9767391673
7798373591
8623968887
8551023666
9561095388
9975474154
8815910588
9975510247
8379939144
8975703266
7798739826
9769271369
RaviLabPME
7776079583
7030085479
7219302090
9834374716
9370837435
9370837439
7397920297
7397920297
7948220588
9527813215
9112771348
9730860779
8888763850
7083960279
7066388426
9834502924
8826972232
8806117544
9561452862
8483952862
8446757022
7218797146
9075979205
9561436857
9579848929
9890381543
7249552543
8120261401
7397855742
9960898298
8208803455
9309769897
9970505910
8625862481
9309211355
8080259705
7249456430
9156905688
7875015052
8208444739
8999152775
9021859914
7083006047
7083006047
8446230017
8806277704
8626075227
8827899753
8698392009
9545342567
9890334657
9766916973
9518331061
7387429236
9359101500
9359101509
9607435564
8308833243
8767350569
7755957631
9022886772
7758098589
8930700700
8623814047
8793666374
7028856929
7448208491
9096802372
7822016767
8180997886
9595116099
9175690000
8888727127
9022071589
8177955232
8177955232
9730437557
8010732800
7720999793
7083666135
9960286516
9075449514
9049419758
8421235623
9834127152
7887934397
9112094697
9309831859
7385537739
9028111344
7385313899
7385313899
9617589524
9962677721
8855884544
8149798012
8668534971
9049743479
7083954844
9067511698
9356476053
9356476053
7122283953
9823434109
9907882204
9021171480
8669531423
7385504588
7264059467
9673926449
9921549325
8390850755
8390850755
7385625052
7385625052
9860139394
9561722513
8999413191
9889529119
7775950181
9022690226
7126137333
9146039585
8459584692
8275810777
9766840122
9689767784
8208883056
9689622232
8208883056
7058419033
9182058654
9146730901
9834506675
8975995394
7028298967
7028298967
9473444021
7509944786
8007918215
8007918214
9284674602
8888553988
7620070333
7767948977
8482819452
7083665001
8626072583
9284035966
7897152741
9370835689
9561298188
9767370815
7218314530
7219199930
9604977864
8308371877
9860508483
7887356342
9765041611
9689817319
8605724708
7028844585
7709655585
7385694660
9730971819
8956733648
8767779003
7276912230
9373663088
9373663088
8010253346
7507287734
8010253346
8888285667
7972756104
8149080256
9172322795
8956388315
7620962339
7028342614
8600989090
8080980206
9764337124
8329615121
7385165105
8180868267
7887631879
7666414611
8766084121
9167727131
9916599954
8698064201
9904134448
9049969275
9049969275
9767467117
9767467117
9075485019
8237331956
9168066902
7028871841
7385862811
8805224026
8657720532
9049669760
9960286516
9766136481
8400948863
7507991560
8421974159
9021893316
7020429798
9322215401
8624915133
8308157050
8308157050
9172241469
7558388599
7775893302
7775893302
9326902095
9923872095
9860220598
9373326684
9373326384
8421839015
8208321956
9529094675
9325959266
9322877923
7385457928
9765274595
9022358549
9850878871
8149295021
8149295021
8459028011
8806724960
9424916608
9975288998
7385958916
7709609018
9370360566
9763276560
9163464073
7020595297
9156136309
7385864194
9172217186
8459501768
8329070441
7218095251
9158733902
7030955755
8208421744
7448206943
9011319966
7058981668
7499415735
9767022480
7218376265
8149641119
9022659601
7558743033
7558743033
7104660764
7057171317
7385993956
8830382014
9689277306
7821066890
9145672473
9823182503
7499866157
9359370874
9359370874
9834308088
9322183036
8421688569
8698615572
8767107303
7709236149
8379911061
9021503317
9021503317
8855939331
7385668215
8295201611
7385109925
7385187616
7385187616
7755975929
9370837457
9561023525
9156679072
9767911162
7038574857
8551085064
9175222600
9529508802
9511990381
9011267982
9075131750
9970685957
7276188698
8308204090
9527103446
7058631391
7768964832
9309328921
7774835153
8830675286
9322945196
9890840618
7385349321
9322427523
8888403202
9156837643
9404351400
9359062912
9545436618
7385634971
8975823451
9561211967
8208935692
7020486705
9579581179
8176541001
9175545457
9205695211
7841041368
7887683418
7879230511
9175570797
7020470093
8177934979
9823434326
9860220527
9309124060
9158330888
9637179620
7558627233
9503421836
7741016616
8484990037
8999800566
9082132542
9730629054
7709459993
9309711568
9309711568
8329810375
9503592095
8328839059
8329681222
9021196900
9096144717
8623986890
8779826982
8483812168
9146029222
8208552251
9545641917
7020829422
8623085317
7276193972
8793652780
8660639268
8168951830
8329123468
9028228502
9028228502
9325652642
9172326163
8208746160
8888263083
7066490227
9175081907
7385618195
7218259811
7020227588
7387235840
9130811628
8788797448
9075704239
7030400301
8888527495
8087099497
8087099497
7058387602
8793278102
7083746523
8625061390
8485866197
7262902078
7721824020
8888382878
9623431905
9604126941
8421108875
9881903348
9881903348
8600996194
7249725782
9130457485
9689432584
8308880482
9011644665
8237717032
7219078449
8698084159
9130506451
8983726352
8983726352
8459268266
7448022162
8412919429
7218448150
9766249782
8080094696
7756829484
7218371703
9172647704
7743869083
7798036067
7276633450
7887762118
9158665561