9322183036
7499015150
8010777176
7498004582
7058991889
8788387163
7057530086
8237281179
7768948097
9075232517
7507156712
7350138278
7887889500
9322148079
9823903836
8888763850
7218711763
9860805785
7972396212
9373173043
9372407358
7057626674
9767048042
8767377573
9309800125
8446403787
8956446832
9764645069
9049834156
8329615121
9769271369
9359629875
8390947058
7558569350
8237620176
9135721680
8805859703
8999688913
9561023525
9175946586
9370329857
7058756570
8856860144
7083666315
9403737102
8421883825
9075262751
8999403003
7058157893
7620070333
7498934547
9356437260
9326836013
7517473393
9284280368
9112464363
9309168200
7847945333
9359040953
9370134884
7522964047
8668501937
8263003048
7122283953
8130881308
8605303105
8767631784
9552740516
8180863884
9909526755
7030730670
8766699690
9322758386
9422823694
9322375481
8600989090
9637283992
7276367379
9359304406
9765904999
8657499928
9156907931
8669595198
9689115784
9049835886
9503780339
7058816029
8055803433
7385532705
8468882691
9765452198
9370324242
7378659687
7709403806
8605607758
7387912351
8208883056
7507287734
9158486921
8446168909
7768845094
8805585938
9158030126
9518331061
7249841245
7775893302
9112892103
7122566766
7709867548
9156976369
9284363572
8766084121
8421470662
9579208628
8308092110
9156238747
8295201611
7038738353
9623431905
7058047675
8329834909
9370765665
8767956831
9834421057
7666884748
8329482067
7219576987
7058132695
7688961733
7218785093
7350190072
9850878871
9403943352
9370614051
9011319966
9637309838
9021116177
7743885990
7666541499
9527813215
7397972614
8830586264
9325306279
7709861203
9307467318
7385369033
9823508666
7058384278
7385694660
7028342614
9284203320
7841898214
8379948106
9322620513
8770600877
9823209539
8390429410
7620274333
7709065192
7066490227
7420893290
8446375472
7741853878
7758953056
9823965593
8317234467
9923713025
9834753883
8767704936
9665894293
7083665001
9175484619
9172142195
7249863505
7875269821
9595116099
7385504588
9370665784
8317208195
7448208491
9309995401
8275430837
9158330888
9975451306
9673021471
7385457928
7588766737
7028587428
9158973092
9156990374
7020161324
7249748398
8999027853
9975737462
9689277306
9284651346
8237727710
9284984175
7507299837
7507782888
7249620996
8482802504
8600536183
9325229545
9146630915
9503097249
9359877982
7796133075
8767572972
7720999793
7776056365
7385188059
7387653745
7249725782
9607874162
7447843368
7507957550
7058324784
8767336748
9579400187
7387515371
8983726352
7816054353
8999685094
9657733367
7507366616
8766894851
7058232826
9121647020
8007467976
9112094697
9673436152
7218757102
8208746160
9850451606
9527477416
7030400301
9764573237
7620790550
8788232694
9960249805
8767275149
9765274595
9175777939
8237849046
7083954844
9028333484
8855919452
7058598069
7262902078
7083746523
9423565311
7517090406
9765548463
7387430194
7709743603
8010387242
8830846900
9420304318
7796189840
8847709571
7517793675
9028111344
7038572673
7721099577
8767274530
9975746316
7038524660
9022425319
8007102754
8435641079
9307580971
7058317661
8378891123
8308897991
8767935524
9529320717
7219302090
9326902095
8605949999
8379067854
7666287384
8830950864
7249116238
8805944438
7385680792
9209620289
9022690226
9145149787
8390850755
7498590614
9657383537
7745827736
9422828178
7775950087
9370837435
7447349894
9284674602
7058064190
7558243685
8793873920
7887762118
9404945258
8766738340
9325296264
9860321398
7385609931
8459584692
9011402731
9156908347
8888328146
8999610496
9718756600
7666998448
7397932825
9822259665
9325467403
7666239545
7397842243
8378902539
9527846111
9766249782
9975738115
7507515016
7756829484
9049138789
8767712248
7743918929
7058946440
7619113851
8261964188
9324583600
9579930351
8329386059
7378525696
9158788969
9022376510
8999766165
9890334657
8379870770
7387429236
8767669206
8329168792
8329171269
8600050759
9689622232
7378801674
9699546672
9730602866
9130136013
7755953216
9156156381
8805793574
9561050467
7559349935
9699154886
7020443482
9075865567
9022152904
7083884906
8080531947
7448261889
7972085380
8088581388
9767972400
7972668799
7385369945
9359324719
9765549316
9156136309
7499565558
7972222632
7709240957
9130129741
8855959803
9156411322
7588717527
7385126593
9689975708
9730379675
8421108875
9359458434
9473444021
7262032274
7529085696
7219199930
8208882608
8446285499
9021643752
9011526195
8275745385
9588467013
8698970109
8275810777
7507000465
7218797146
9521774535
8999800566
7218486492
9022858154
7249637434
8055474633
9022886772
9403774607
7892836141
9067792145
7219684182
7248979563
7758096807
9028294660
7559373721
8237717032
8149240125
8888333526
RahulSingh
8767812843
7447250485
9049166276
7218788403
8767993086
9699566766
8626026987
7569588359
8698890104
9112233472
9881709648
8554082782
8669336555
7218095251
7020299741
8767336309
9765609185
7264802894
8421932778
8668360452
9146275173
9049865218
9730253022
9763076941
7820927418
9021641299
7075530204
8552060946
7709735948
8572822124
9850847331
9922560181
7767086072
9370525906
8390829259
7796874176
8482893360
8767558054
8261884603
8669594760
7387085074
9322537927
7058231520
9327975061
8862010563
7775967184
9322643776
9623252397
9302900209
8767060053
8830763225
7709591881
7972429660
7218166862
7058398292
9766840122
9372229103
9860220598
8421575412
7558627233
8177934979
9322803991
8806277704
9309826531
8010866758
7559182654
9307557210
6303508757
9075250850
9156861288
9325696571
9322017465
8080172824
7410586874
7887356342
9579634345
8329980134
9657696302
8459550740
7249552543
9370837439
7559401835
8446574495
8999750451
9579562522
7414900118
8149827849
8770495891
7620685987
9021503317
9422938750
9699969575
7709069957
7559481416
8237909646
9767860916
9975342313
7249451917
7498221568
7620941228
9146746225
8657304112
7721916794
8554934166
8975435613
8329070441
8050847120
7057530377
7755953944
7757034022
7249807616
7709067418
8421753200
7045600033
9730751104
8530495440
9011893256
8983492963
8805136344
7264915894
8080931401
7888204265
9764756558
9822735722
9370738111
7620612890
7057670743
9960036782
9325848042
8805224026
8390153632
8668445588
9730732717
9352192501
8308371877
7219033728
8999880488
7249882337
8080753808
9175031402
7558449079
7509944786
9552630115
8806126278
7218048656
8412919429
9637436080
7559258660
8329810375
8530091520
7666320582
9765950737
6239963614
7385211899
9665260508
9921286740
9370547182
8788245910
8177904810
8793263078
7770021112
9860968691
8766801667
8975472057
9850885341
8698084159
7995948466
7397886626
8806199965
8815703230
8766479424
9022508227
9038643769
9763276560
9730971819
8806180962
7249535798
9322877923
8552989205
9823434109
7666497165
7666922965
9172647704
7558640424
6006722489
8605331168
9370902829
9860220527
8624032681
9890096063
8446866458
9285151477
8180863406
8010378930
8623067496
7796772785
8208948229
8767093320
8459273282
9322367476
7499036347
7249434899
8625854995
9373326684
8208552251
7048846202
9284035966
7083006047
8264390507
9112304075
8600010310
7447387851
7218224523
7350702965
8847766519
8626086197
7057653517
9309211355
7972674716
7841074058
9689817319
9284920562
9022256429
8007835759
7385957298
8956639754
9156888149
8421715190
8007377476
9545884496
7387688736
9545632621
8421939313
7378700148
9028829840
7559105333
9022208950
9579361897
7755975929
7028871841
7038769268
9975221683
8530299117
8390084322
9370867211
9975288998
7066671751
8007547496
9637706090
9545576334
9607464241
9356611451
9370402550
7798373591
9561172787
8459549609
7385313899
8698064201
7743880377
9545502328
7040575202
7666383365
9665281134
8237990740
7028733123
8767219168
8390418913
9823837161
7385033880
9373699032
7385208192
7391947996
8010732800
8855937064
9764788808
8600627479
9405918468
9766917516
7249552388
8983140701
8055878885
9356829315
7276175365
8120261401
7385544207
9307489625
9373262935
7276193972
7887959683
7972944873
8080865934
9022734703
9898975803
7058503830
6200599182
6398365744
7517258275
8208135692
8855939331
9284912974
7247544742
7058957966
8459243642
7498602727
7058489787
9890635168
9112846744
8421046926
7620271634
7350819240
8007229284
9022659601
9834077238
9518777946
8847743563
9130506451
7030675689
8446062574
8237331956
8999301885
8381015770
8208670190
7948220588
8551000345
8208421744
8446021077
9637601255
7888128262
8856087208
7218293985
7720067927
7249841085
9359117831
7498607708
7249719862
9370385546
8390226485
9699451438
9975350299
8483952862
7058086349
7843061775
8080168827
8087778270
9145784066
7020829422
7709579582
9175933870
8482819452
9561741700
9975895906
8999178499
7887564133
8767257916
7083590338
7517527201
7218493623
8308880482
8412913219
8421020494
7498779621
9545613495
9022123172
9689422655
7350793967
7057711395
9021325066
8379049368
9970671368
7378485418
9834502924
9307615202
7743856490
9067228670
7447844189
9049131867
7350470689
8087099497
7888296916
7758938356
9307993065
9766774239
9411751547
9182058654
9307211564
9561211967
8482910948
9518932672
9022548233
9322164507
7262057944
8421532591
8149735464
7999884981
9503196698
8007012605
8308783687
7264059467
8149290091
9765777296
9822999355
9699877417
9623670784
8975264518
7249759513
7575000284
9356399176
9850364491
9527538676
7798846705
7620783660
8381027907
7218314530
7709869270
8806458835
7709175942
8010941176
8600499678
8149526671
8208418629
8656639754
8605125441
9834127152
7058099464
9021019101
8826972232
9595034388
9527607168
7843038911
6302833154
8137928722
8080946005
8698392009
9970685957
9763124563
8657720532
8983547710
7522911421
8421000128
7620036920
8668775882
9665705865
9403601193
7776079583
8483034761
9689792728
8446757022
8080460388
9527319575
9156873792
7410511603
8180979411
RaviLabPME
9570381172
7805050344
8600664186
9511203539
8930700700
7620589481
7499537204
8237367736
9075442351
7378663082
8380936591
8550930132
8379911061
7774816201
7276167466
9370861274
8379997614
7559462882
7744956247
9370510783
9689767784
7775800561
7796845077
8378851094
9356858076
8788046177
8999893711
9822938830
8408907551
8788299544
8446230017
7020198669
8767021542
7498397195
9423934110
7767074332
7058487749
7038225877
8308237513
9075405314
8080187815
9404351400
9689403462
7666414611
9834923266
7499767412
7620007986
9699637939
9834506675
6396285680
9527321233
9146730901
8767052982
7972218924
7020227588
9607872248
8411062770
7389812507
7559124723
9623735064
9370301679
9022071589
9156537346
8698122955
9763248962
7057815107
8180868267
7028494839
9370283763
9623653321
8168951830
9021503605
8308411546
8793160179
7897152741
7030520393
9370018761
8010809365
9021884663
9119583699
9175243234
8605694543
8767063286
9665399565
9172622336
7387235840
9096337245
8767781779
7821881814
6394945840
8208513780
9689367432
9067285705
9561095388
9607435564
9156679072
8805515197
8530597159
9511683092
7385864194
9890695315
8552978017
8007116244
7517386673
9112284484
8855913649
7767959127
7447863623
9309831859
9309164401
8767372913
8149080256
9146029222
9527753169
7122420225
8605532337
7843945555
7977312314
7773948965
7350463610
9307815997
9373344286
9359850536
8208803455
9689344741
8007671733
9916599954
7972240211
8552062279
9890216814
9371462836
9960846624
7517790307
8806974595
8069484764
8180865229
8805906923
8055930443
9888172922
9370769317
7448172700
7887934824
8975708220
7972351205
9022976637
9309393441
8329700795
8830382014
9172307797
9373843691
9167727131
9319297977
7499126063
9322238309
7499376067
8261071606
8975356638
8550982717
9158403056
8080076328
7264087465
9823848054
8983227589
7758098589
9422439802
8956388315
8010544360
7038735357
8329482025
9359555184
9730090997
9970834639
7498314829
9860508483
9823752288
9322215401
9022271717
7397828539
9552678844
9356207132
8605318987
9823033411
7620407357
7666031653
8855884544
7020181389
7448206943
9322920711
8483898869
9767370815
7697250831
9767911162
9325833848
7385618195
8485866967
9156494924
8600102341
7697145742
9422177830
9503571762
9975071702
7057886565
9545467448
9923653672
7219093531
9890381543
9975777419
8806512068
9011569782
7385473157
9579117160
8194081975
7666846581
8149798012
7020470093
7066391801
7721840045
7517517656
8421145740
8484904021
9561298188
7385553056
9145259016
8208853990
7020595744
8080042390
9146166940
7767076872
9579377294
7001927834
7350113460
8799891732
9284208269
9561697288
7767999343
8827899753
9765367473
9021284362
7038770149
7972133077
7559108655
8793666374
9552948910
7058548510
7470934347
7385773845
8600996670
9579741885
8007666763
7020905351
8329278453
7620370008
9975635705
9307803972
9373140199
7058653742
8767107303
8390480953
8055565160
7008200675
9021196900
7709553810
9834239895
8390579282
7798550807
9370805346
9545641917
7276188698
9921641953
9860587543
7262811128
9373498152
8767350569
9146812295
7888280290
7420068129
8788059926
7020444322
9863603104
7517924584
7385907138
9359377609
8308583454
7666180571
9130355048
9767355587
7887934397
8788112189
8669908400
9112771348
7387034818
9921529586
9730780003
9545432035
9130186403
9860796405
8806059673
9503494339
8788359560
9766136481
6265351712
9011063641
8823860476
8857819957
7507069259
7756959633
8530778433
9970922563
7385795262
7262887773
7387647604
8600407474
9860805268
8421839015
9673592508
916876861
8459532642
9175639935
7676207859
9834955665
9156905210
9689225720
8624975759
9096391041
9096018200
9359015997
7498190321
7517853244
8793652780
8381094775
7264094338
8459829877
9370152582
7488449714
9503921717
8328839059
9767391673
9359101509
7666873794
7021269387
9970868452
9175222600
7385773580
8600593297
7498511875
8308886942
9075734346
9370835689
9322824129
9146630916
8237942726
7709459993
7499901795
9373277432
7758801684
8856945343
9763116030
9424916608
9325763327
7756881805
9175690000
8657963060
9049743479
9890612508
7620962339
8668783952
8698043953
9834378539
9049136368
7744804980
7218371703
8625862481
9131216328
7499304506
8669014503
9370960732
9022842074
7517511226
9623421416
8263811994
9373909669
9890016940
7798390860
8080952929
9579075132
9384679103
9766026453
7447325819
9766591675
8830011703
9767699827
9172512104
7774939940
8600902354
9356797650
8767978089
9373560246
9370153103
8550988789
7875224229
9665076177
7507548014
9579463683
7741972516
8432036682
9049280125
9172217186
8888403202
7249386719
9557639929
7028037845
9028637523
7218826250
7385993956
7768808036
8767279513
9595634128
7601099908
8010295430
8856080568
7517823607
9960686184
7083109258
9022075428
7498213671
9359445227
8623085317
8459048537
8624915133
8767413685
8010907069
7499434664
7798722012
7972190515
7057294307
7057434642
9359374079
7666831067
7122779099
9689426184
9921097476
7385320778
8975854436
9561454028
9588419280
9325929904
6358956685
8308090946
9325047907
9356626160
8767458761
8625061390
7741949050
8698405249
8530960407
9022358549
7796466937
9689643028
9175986112
9822698093
9359038674
9423811893
808728261
9146606497
9730829746
8793507569
7620754505
7768846208
9022274740
8149793877
9175570797
7020340575
8007895491
9049965922
8956969375
7796592207
8766473896
8788905124
8180954060
7558743033
9673936655
7218455679
9765210660
7385140468
8050484452
9370807906
7385109925
9309584090
8286661054
7507991560
9637655398
8421975199
9503534958
7350392139
8390938210
8857060712
9011476198
7249895144
8180860455
9322483150
7447387289
7030103564
9145193945
7709597528
9325028947
7217457400
8180998520
7020894388
8975824194
9834872930
7058047843
9067129673
9022541211
9370443019
8766566640
7756916040
9156837643
7619686882
9307218618
9156035640
8007808062
9370793787
7385114931
9529850206
7499705890
8956733648
7498937922
9699835356
8669549195
9921549325
9922915163
9322937470
9834936267
8333081440
9850292080
9561722513
7276135251
8830694333
9423402487
7030055965
9158232638
9056466703
8055801629
7798128853
7972200917
7499244021
7721802706
7259145327
9156758125
8856817303
7498711373
7507156754
7385537739
9028228502
8625908160
6239322642
8623968887
9325722689
9145253758
9623752644
9860139394
7385044185
9304270733
9156572038
7030196947
8237448673
9356950891
9172312689
9146861923
8087317297
8308330801
7620936642
9527103446
9860558412
9511295832
7038057406
9325336932
9322945196
9823872565
7768964832
7709393462
8767484914
9011801360
9049504237
8855948023
7798739826
9503256903
7840938914
9373629993
8668534971
9112318072
7083394428
8010223528
7823882235
7498281401
7262890549
7350581469
9061431541
7020225231
8657253141
9730429695
7038463877
8484853745
7030993058
7083668124
8623814047
8779826982
8788031173
8208948815
9082132542
9146039585
8806117544
9021933936
7498405897
9689376782
9156907967
9075929162
9322512604
7559158819
8669531423
9970093571
9588472213
9028539857
7588169379
8857057972
9373018509
7028373062
7972445542
9284112094
8308772790
9607828423
9021581178
8605088494
9325959266
7558438455
8208328821
7030001042
8999958285
8767435158
9595610561
8329351103
9764713767
8446019581
7397920297
7498285694
9309180162
8459268266
9518528463
9730629054
8208287106
9766775815
9156684899
9561433981
7058992887
7057796010
9284356686
9960544932
9604463228
8010945174
9579848929
9284969308
9325654322
9156730755
8600996194
9699128948
8668698729
9579904057
8421026892
8669506281
9011267982
9529263627
8767600369
9130893362
9423684623
9860591620
8805094603
8308157050
7507644994
9370837443
9158414996
6300305118
9767467117
9860301736
8263914185
7744015571
9673067036
7499382022
9156035234
9763516822
8767595673
8999838926
8698615572
8010966529
9359251255
9322916951
9021171480
9370875192
7709371600
9975053576
8554895055
7666766549
7709540749
9960662404
9503485647
9970092887
8421999828
8380868093
8888766955
9322985319
7559434884
9579427932
9145516188
8806054999
KapilUikey
9579468754
9767022480
9359422589
8208172896
9637929689
9766940698
8263950055
9322458697
7517673688
9175771824
8007770081
7887866522
8180999244
9021546799
8421998902
9910563708
9075485019
9021541048
7498570248
7875173847
9834237606
7020954299
9834203945
9145672473
7776006311
8180997886
9307209319
8010201191
9028368367
9372369249
8625000923
7447485103
7972613061
9075131750
9503592095
7387305486
9322326017
8329320717
9175271946
9373673590
8080237326
9423858758
8080924189
8329317810
7058933157
8149641119
9074281662
7447296254
7558388599
9022670655
9730899825
7775950181
9284512622
8411080176
8407928275
7820890695
9975993056
8815910588
9096144717
8087165160
9372998334
7620542247
9356957418
7620291751
9607741258
8888807467
8010112458
9922451648
9130457485
9370355311
8709886839
7887683418
8767765121
9657777456
7387430275
7774918317
9309310894
7709236149
8668544078
9370283648
9923527378
9527781865
9021174751
9309035063
9730774128
9527963515
9518944314
9529007982
8855801712
7507747526
8856924505
8624087712
7030431826
8482954271
8626097990
8551023666
8767618394
7028507064
7709609018
9404088117
9145387848
7841886378
8275986751
7972756104
9689383041
7058498793
7447324816
8253063607
9970441837
7218446600
7218016276
7083082091
7020761086
9527110396
7397920284
9823401538
9022543316
8956638549
9823077456
9699071383
8400948863
7499597013
9373663088
8530429366
9156905688
8007701265
7397835754
9823993797
7499866157
8421688569
7798036067
9545575942
9309088131
8554001884
7083206058
8446417037
7558658740
7387632822
2067325555
8766934483
9604126941
7058296322
8830675286
9322669351
9823037483
9970411984
9588458987
9370770375
7709189855
9834468449
8055083791
7249856378
8446203818
8087990523
7744936139
9359623719
9890889056
9637214991
7888194256
9370684571
9823868354
7721834123
9322011684
8237114009
7821066890
8975823451
8080980206
9359751884
7558349725
9156907649
7814617472
9322231581
7276519459
8265000816
8054251816
9561436857
9309964684
7702258773
9307055074
8767300552
8766823007
7028733917
9545342567
9309328921
8237956190
9359180620
9765041611
8446174256
7580993309
8308145753
8275256472
8975465735
6200848399
8668973432
7507439390
8788513649
7498034811
7386783928
9307526503
8605724708
7887964257
9022009474
9168066902
7709745510
9975474154
9420311914
8999152775
7218259811
7410593129
7020429798
9860394983
7030617114
9022746514
9326172294
7058981668
9021895510
7498088759
7558399145
7559373903
9112198498
8888527495
9146335470
7666623571
7744011964
8624057341
7066388426
7391941694
9371024323
9890183817
9545482394
8698901408
7083960279
7620394965
7558244609
7745089152
9730498665
8806372536
7507157858
7387604017
7903766935
8623076957
9096657306
8999964804
7066222518
7448010340
9049087568
8806516315
8237943078
7249092443
9923456915
7767089173
7767043472
8856925831
9890364522
9975993503
8208935692
9766979684
9284153216
8482827601
8446158676
9112220605
9503573447
9503509412
8446146619
9156953171
8169534597
7498102109
9326333443
8623009083
9503578752
8975703266
8600249186
9552778437
7796423060
7447546462
7499998751
7385751450
9529508802
7397920974
9423066915
8390657914
9322556931
8010775904
9822821099
9307934581
9962677721
9307942300
7781043237
7397855742
8180865745
9691213463
9172802312
9860967791
9922663932
9822536654
8552023158
9689432584
9764876769
8269732899
8999866062
7798081079
8459888728
7775926539
7741056974
7396846083
7798739273
9921336948
8010347740
9561795142
7498765517
8788910212
7507999271
9765174548
9302032278
9673926449
9834817395
9518726163
9370360566
7620221576
8788797448
8237332429
9322528770
9834116271
7028617089
8626072583
8989579839
9326904106
7389919029
7057244101
8624966115
9665756456
9923872095
9423401620
7219078449
8626075227
8669278432
8605399606
7038574857
8208181697
9764970541
8698405110
9119492183
7499073458
7972730913
7058033948
8055770285
8080954069
9923462976
7083666135
9579187234
8623986890
7888172529
9205695211
9022353346
9730437557
7058125961
9309163418
9552359491
8600913520
7887677836
7126137333
8999704809
9527510882
9907882204
9130811628
9617589524
8805171906
9309764220
9638666602
9689395096
855404150
8421235623
7875747798
8484927484
9096802372
9175081907
9322382035
9529047364
9175739485
7887355288
9172322795
8329146903
9172276594
8007918214
9511990381
9665883406
7972505181
9579039778
8379939144
8669832821
7471152868
6303739598
7972925403
8421974527
9689783943
9890809255
9545507337
8999782361
8208433646
9503974795
9370288461
9370427211
8975643860
8446225327
7083160738
8237343529
8208321956
8329123468
8485866197
8411037261
9284269236
9049644908
8411066006
9021725358
9373149264
9309711568
8408877572
8793522285
9322798088
9096288166
8830028424
8484990037
6204753262
9156906850
7820981533
9359484460
9075714654
8888825011
7517990547
9422801560
8669020452
9420408160
8888263083
7620677785
9028490754
9834806942
7385057625
9172953818
9657873352
8080094696
8888382878
7350956809
8446697178
9112959406
7398576451
9860435516
9307043655
9145093953
9923990104
7020227644
7498590613
8459659306
7276210071
8484970514
7522975308
8605520825
9579226826
9822718136
7385357068
8055401962
7385093845
9011056259
7447872489
8767705966
9112840524
9370260832
9545932391
9313808308
8793801034
8624976072
9834308088
7028810695
9975757510
8999883774
7887717804
9890840618
9822750953
9075179451
8411051362
9960469094
7385153943
8040974095
9527900816
8180904935
8177988349
74105868744
8983410235
9172080007
9890856784
7385103653
8412928056
7499965136
9209220121
7972383928
7499931649
9834312298
8767287105
8421028135
9119511400
7419209569
9518333972
9284322865
7666319534
9049969275
9746683335
7385280508
7020375641
8149295021
9607706090
9175827127
8177955232
8262838616
9765641372
9623646362
9637179620
9096383434
8600334547
7276912230
9022956741
7499131035
9284897867
7735803250
8888285667
9588642353
7385081917
8010369855
7385862811
9423684226
9156729915
7841009594
9923065213
8551820031
8262013468
9096017720
8550911842
9158968439
9518730147
9822340104
755939011
8983410223
8468949298
9970338108
8240487970
9767345622
7755957631
9766376251
9359663179
8600522409
9579070183
9119468427
8698494089
9766617739
7758967154
9049865418
7249698463
8830391103
9834285371
9921690339
9175545457
7448135044
9511894497
7721882848
9325652642
9588455280
8275105785
9765878971
9960370759
9689040858
7499184361
7558586335
8668427748
9823141036
7350063896
7030085479
7385349321
8669087031
9022492257
8551861543
9096118149
8625953073
7385625052
9049258171
9545438513
9373342988
9511256749
9307602882
9049669760
9359101500
9309560386
7517316329
8459028011
9067511698
7972212594
8379806491
8308935769
9766790867
7276223916
9834737351
8446237379
8805248813
7307562254
9356476053
7888241794
7387313676
7702694185
8767779003
7218177591
9766588534
8767813471
9970505910
7378331138
9699035574
7104660764
9356238476
7066423798
8668976483
9096462136
7709419166
7020526385
8378873695
9604734364
9284009419
8983106804
9834245207
7083124471
8766748051
8999413191
7218219159
9975506000
8805713314
7780555134
9561511627
9145777923
7796380790
1234567891
9325908526
9730650557
8660639268
9156405243
7620084607
9503486342
8624973953
9579115510
9307738879
7721824020
9359120104
6305860060
9823524615
8830710501
8010847991
9373954418
9175747193
9637294640
7745882210
7038609520
7038234443
8830580836
9284801269
8855028138
9011641272
7989389834
9049804860
9307327455
8600746508
7720906779
9322748962
7768009043
9015135135
9112180013
8308651245
8767549078
8999207318
8788832663
9373885814
9130149466
7218663269
9637197065
7219633797
8806431113
9699352162
7841041368
9067976202
9850706126
7219536189
9163464073
9623638833
9860634431
8669853046
8446877506
9673060992
9993241022
6362101104
9175131661
8275103853
9309124060
9075979205
8766409413
9322427523
9764751573
9146679676
7840916581
7385150988
7058427112
7264817255
9834191734
8421974159
8767309327
9370837457
8788759860
9561690610
8180816539
8806080084
9307984568
7498124978
7499673055
9579485535
9175422051
9763540247
7972855248
9765040377
8999806970
8983723868
8788451327
7879230511
7410191481
8007651901
7517301507
9096761965
9370643328
8668414136
8552855062
8483917459
7385958916
8623897326
8999495081
8855081719
8329681222
7057943074
8949122605
8329758490
9158106063
7350463480
9307712638
7558418897
8308204090
8185044122
9146375066
9764337124
8999240394
7620650855
7385538349
7499697710
7798553612
9175924731
9923354629
8857901410
9322169657
8080259705
8421383995
9271203244
8177925968
9373449903
7822841040
9921513870
7350638965
8956169223
9022901148
9075704239
7410050953
9579581179
9405766009
7218448150
7709086983
9503169625
9021372045
9096829699
7822016767
9511206423
8087294029
9156179726
9112233471
9834197469
9921623484
7028377714
9579050625
9767125432
9665469740
8999586423
8624095624
7887575649
9922277553
7507630794
7219259020
9021141686
9552184738
9689598715
8888727127
7887447550
9764535795
7378794647
7774835153
9527947478
7743869083
7020503992
7304787873
7767079863
9423729541
9607193085
9404735070
8208326043
9022527413
7249886960
9604086789
7385634971
9699937673
9763255824
9021880225
9975510247
7028559516
9764496190
8605924359
9665899569
8080485677
7066680352
9923717793
9545825778
9922571140
7218518410
9359369631
9075036320
8390766891
9604954820
9860613786
7666068940
9307312486
9881903348
8698404424
7264927900
9158665561
8468872116
8975959665
7075392905
7676165514
8087306855
8407942875
9960898298
9503728939
7219429896
9096641467
9923020419
9665053466
7798416751
7821808947
8793278102
9307639800
9313807460
7276190955
8208173896
9766598284
9403681425
8390431907
7798966843
8600073906
7620182560
9209338098
8010145657
8830630524
7249807614
9284919227
8805198246
7666455366
9011697411
9765611158
8459634728
9730414403
7276114515
7666653866
8767134726
9392039202
9637445574
9359370874
7057110347
8275555356
9834931210
7517486812
7020922754
7276633450
9356318870
9373768405
9527079290
9623277414
7758058514
7709440303
7666325175
9168088953
7620129892
8380945579
9067939058
9699722601
9834735230
8983412701
8308833243
9637903033
7058859551
8149996746
9764668103
9172326163
7218229971
7038895903
9823743971
7378426580
8766545518
9021859914
9309170692
7218376265
7385749747
9921964644
7741016616
9049644909
9634566129
8766534523
8010194286
9284476595
7385208936
7249339078
9850864697
8956760446
9960085581
7798195165
8975995394
9823434326
9371245936
7709400641
8788206358
8292257903
8855099252
8390350149
9518914669
9420188222
9561452862
9028508171
7995064131
7758992012
8177969137
8483034795
7768869946
9461981046
9322635720
9423260377
9764386731
9112463370
7249456430
8080369366
7666246514
9860892299
9307192935
8459501768
7758058361
7972613763
9067167848
7066308823
9665242598
7875498203
7397834736
9960658947
9665062234
9022611894
7620614453
9075132154
9890913586
8669877981
7020626933
7709400854
8766867791
8767963156
9904134448
8080258759
9699534054
9061355729
9527980866
7887677824
7337573346
9325608564
8446993551
7972737807
7559374043
9503826179
7757871925
9284954448
7020595297
9604075181
8975464105
8624071205
7030187959
7028298967
9130156844
7028872937
9131397424
8390286935
9822215401
6397079023
7843013292
9834374716
8176541001
9156696424
7385037652
7499614914
8855900546
9130768341
7709101322
7020882256
9960471177
9370873158
7058707854
7744914551
8600111569
8999167449
7378489015
9172679534
7499415735
7972028075
8308928454
9021227698
9823311315
9850671298
7709655585
9057010549
9158534472
9637728339
9975344430
7385668215
8308363419
7058924425
9373129244
7499773989
9960286516
8149176609
6355811803
9767804098
7264944247
8263914097
9545754372
9825791978
9503409547
8446597810
8605651889
8975761165
9370460294
7835912404
8625823837
8668808987
7385060871
7036990356
8055214108
9730725249
9975323719
9403691552
9423603655
8975920226
8308488242
7507492674
7385187616
8530155955
9890246277
8855847468
7020319408
7414917108
9146610281
9022457192
9518346945
9595497959
7410517102
9823576793
9158733902
7447260155
9371947210
9922519150
8411909868
9689104900
7517715204
9359062912
9579332303
7889432262
9130055547
9766787636
8626015473
7028318740
9881099263
8010253346
9921895138
9284888671
9579988103
7741975766
7620824699
8830835686
8623869263
7709959842
9527106821
8766717506
8329623179
9422102627
7028856929
8605801733
7517064650
9022654940
7517431162
9049419758
7058818317
9561344613
7887749495
9356063563
9373773948
7030748857
9356478581
7447613185
7821097415
9370631118
9156290644
9284280271
8830694541
8483944305
8180839136
9665593530
7767948977
8208444739
7798629428
9075480794
7218386726
8551085064
7218855680
8007842261
7972281156
9021870737
7249340741
7775921928
9665082859
8999773268
9370376574
9112990097
7385646945
9970305409
8007583808
7755907262
8669540394
9890130647
9359103150
9527264044
8390681502
9370343226
8329676611
7620552182
9322612922
7057171317
9730376966
9529094675
8830868034
7887631879
9767280068
7058338861
8483812168
9503421836
7264905087
9552879778
9764381863
7030955755
7767087050
6392032126
9075449514
7972716884
7743902122
8767914118
7378417773
9156364116
7666814205
9923140126
9561246517
7972200428
9405676485
7709545964
9270259114
9766196900
7796142987
8888553988
7666952812
9545436618
9067355658
7420919755
9607636485
7758039034
7768841645
6305229849
7385628602
9284264880
7030437012
9604977864
9403745013
7219592816
8810338854
7219200152
9156906252
6379220930
7743868159
7974257980
9021893316
9172241469
8626023296
7200071232
7058631391
9309769897
9699180893
7385165105
8080122182
8788058109
7720016329
7620522460
8007918215
8308680938
9510738137
9373326384
8806724960
9168987840
8788312435
7036161079
9225239116
8421334766
8698205139
9823371850
9096517058
8208521746
7028844585
9730860779
8855011639
9561130538
9359772886
7498754712
9371470935
7875015052
9309365401
7028846738
7448022162
7499184297
7058419033
8767514798
9823841311
8669432430
7378737003
7030723223
9889529119
8379038068
8061799600
7499602717
7875010633
9156908711
7378312504
7020486705
7387844718
7798281175
8010951337
7744804964
7498830741
8149176614
7387328659
7666294629
8767660431
7387941389
9359052129
9766916973
9011644665
9890222668
9307357426
7995430477
9665612039
8552914064
7058387602
9307757394
9096256487
9112951789
9022273212
9823182503
8625018578
9112396530
7498737850
7757804127
7821082905
8446627848
7249523255
8624948855
